sensor_id,latitude,longitude,timestamp_utc,value
1,45.1,9.2,2026-03-18T09:41:25Z,14.06
1,45.1,9.2,2026-03-18T09:41:35Z,21.81
1,45.1,9.2,2026-03-18T09:41:45Z,14.48
1,45.1,9.2,2026-03-18T09:41:55Z,29.61
1,45.1,9.2,2026-03-18T09:42:05Z,17.66
1,45.1,9.2,2026-03-18T09:42:15Z,11.74
1,45.1,9.2,2026-03-18T09:42:25Z,21.76
1,45.1,9.2,2026-03-18T09:42:36Z,12.05
1,45.1,9.2,2026-03-18T09:42:46Z,19.24
1,45.1,9.2,2026-03-18T09:42:56Z,26.8
1,45.1,9.2,2026-03-18T09:43:06Z,24.98
1,45.1,9.2,2026-03-18T09:43:16Z,19.88
1,45.1,9.2,2026-03-18T09:43:26Z,27.31
1,45.1,9.2,2026-03-18T09:43:36Z,22.75
1,45.1,9.2,2026-03-18T09:43:46Z,25.23
1,45.1,9.2,2026-03-18T09:43:56Z,14.61
1,45.1,9.2,2026-03-18T09:44:06Z,13.69
1,45.1,9.2,2026-03-18T09:44:16Z,21.29
1,45.1,9.2,2026-03-18T09:44:26Z,20.71
1,45.1,9.2,2026-03-18T09:44:36Z,12.05
1,45.1,9.2,2026-03-18T09:44:46Z,11.0
1,45.1,9.2,2026-03-18T09:44:56Z,12.41
1,45.1,9.2,2026-03-18T09:45:06Z,21.27
1,45.1,9.2,2026-03-18T09:45:16Z,11.62
1,45.1,9.2,2026-03-18T09:45:26Z,14.55
1,45.1,9.2,2026-03-18T09:45:37Z,18.66
1,45.1,9.2,2026-03-18T09:45:47Z,18.28
1,45.1,9.2,2026-03-18T09:45:57Z,27.85
1,45.1,9.2,2026-03-18T09:46:07Z,13.48
1,45.1,9.2,2026-03-18T09:46:17Z,10.58
1,45.1,9.2,2026-03-18T09:46:27Z,29.62
1,45.1,9.2,2026-03-18T09:46:37Z,23.18
1,45.1,9.2,2026-03-18T09:46:47Z,21.94
1,45.1,9.2,2026-03-18T09:46:57Z,26.8
1,45.1,9.2,2026-03-18T09:47:07Z,21.79
1,45.1,9.2,2026-03-18T09:47:17Z,19.6
1,45.1,9.2,2026-03-18T09:47:27Z,24.85
1,45.1,9.2,2026-03-18T09:47:37Z,22.28
1,45.1,9.2,2026-03-18T09:47:47Z,12.63
1,45.1,9.2,2026-03-18T09:47:57Z,27.31
1,45.1,9.2,2026-03-18T09:48:07Z,21.74
1,45.1,9.2,2026-03-18T09:48:17Z,21.78
1,45.1,9.2,2026-03-18T09:48:27Z,10.07
1,45.1,9.2,2026-03-18T09:48:37Z,26.29
1,45.1,9.2,2026-03-18T09:48:47Z,21.56
1,45.1,9.2,2026-03-18T09:48:57Z,13.43
1,45.1,9.2,2026-03-18T09:49:07Z,14.45
1,45.1,9.2,2026-03-18T09:49:17Z,16.84
1,45.1,9.2,2026-03-18T09:49:27Z,26.17
1,45.1,9.2,2026-03-18T09:49:37Z,10.98
1,45.1,9.2,2026-03-18T09:49:47Z,17.9
1,45.1,9.2,2026-03-18T09:49:57Z,25.1
1,45.1,9.2,2026-03-18T09:50:07Z,13.28
1,45.1,9.2,2026-03-18T09:50:17Z,25.96
1,45.1,9.2,2026-03-18T09:50:27Z,16.49
1,45.1,9.2,2026-03-18T09:50:37Z,26.63
1,45.1,9.2,2026-03-18T09:50:47Z,20.18
1,45.1,9.2,2026-03-18T09:50:57Z,15.37
1,45.1,9.2,2026-03-18T09:51:07Z,26.97
1,45.1,9.2,2026-03-18T09:51:17Z,10.6
1,45.1,9.2,2026-03-18T09:51:27Z,27.14
1,45.1,9.2,2026-03-18T09:51:37Z,11.55
1,45.1,9.2,2026-03-18T09:51:47Z,27.26
1,45.1,9.2,2026-03-18T09:51:57Z,13.52
1,45.1,9.2,2026-03-18T09:52:07Z,11.14
1,45.1,9.2,2026-03-18T09:52:18Z,18.99
1,45.1,9.2,2026-03-18T09:52:28Z,16.38
1,45.1,9.2,2026-03-18T09:52:38Z,12.98
1,45.1,9.2,2026-03-18T09:52:48Z,16.02
1,45.1,9.2,2026-03-18T09:52:58Z,18.5
1,45.1,9.2,2026-03-18T09:53:08Z,22.71
1,45.1,9.2,2026-03-18T09:53:18Z,12.46
1,45.1,9.2,2026-03-18T09:53:28Z,26.63
1,45.1,9.2,2026-03-18T09:53:38Z,20.34
1,45.1,9.2,2026-03-18T09:53:48Z,27.99
1,45.1,9.2,2026-03-18T09:53:58Z,27.24
1,45.1,9.2,2026-03-18T09:54:08Z,28.65
1,45.1,9.2,2026-03-18T09:54:18Z,24.11
1,45.1,9.2,2026-03-18T09:54:28Z,14.65
1,45.1,9.2,2026-03-18T09:54:38Z,29.5
1,45.1,9.2,2026-03-18T09:54:48Z,17.27
1,45.1,9.2,2026-03-18T09:54:58Z,11.54
1,45.1,9.2,2026-03-18T09:55:08Z,28.21
1,45.1,9.2,2026-03-18T09:55:18Z,20.61
1,45.1,9.2,2026-03-18T09:55:28Z,16.66
1,45.1,9.2,2026-03-18T09:55:38Z,12.99
1,45.1,9.2,2026-03-18T09:55:48Z,25.73
1,45.1,9.2,2026-03-18T09:55:58Z,26.41
1,45.1,9.2,2026-03-18T09:56:08Z,21.98
1,45.1,9.2,2026-03-18T09:56:18Z,23.79
1,45.1,9.2,2026-03-18T09:56:28Z,19.7
1,45.1,9.2,2026-03-18T09:56:38Z,19.08
1,45.1,9.2,2026-03-18T09:56:48Z,27.7
1,45.1,9.2,2026-03-18T09:56:58Z,20.78
1,45.1,9.2,2026-03-18T09:57:08Z,18.55
1,45.1,9.2,2026-03-18T09:57:18Z,20.37
1,45.1,9.2,2026-03-18T09:57:28Z,12.7
1,45.1,9.2,2026-03-18T09:57:38Z,21.91
1,45.1,9.2,2026-03-18T09:57:48Z,28.39
1,45.1,9.2,2026-03-18T09:57:58Z,29.42
1,45.1,9.2,2026-03-18T09:58:08Z,14.44
1,45.1,9.2,2026-03-18T09:58:18Z,19.77
1,45.1,9.2,2026-03-18T09:58:28Z,10.19
1,45.1,9.2,2026-03-18T09:58:38Z,10.44
1,45.1,9.2,2026-03-18T09:58:49Z,24.03
1,45.1,9.2,2026-03-18T09:58:59Z,23.21
1,45.1,9.2,2026-03-18T09:59:09Z,16.51
1,45.1,9.2,2026-03-18T09:59:19Z,10.73
1,45.1,9.2,2026-03-18T09:59:29Z,29.6
1,45.1,9.2,2026-03-18T09:59:39Z,12.41
1,45.1,9.2,2026-03-18T09:59:49Z,19.69
1,45.1,9.2,2026-03-18T09:59:59Z,26.4
1,45.1,9.2,2026-03-18T10:00:09Z,14.75
1,45.1,9.2,2026-03-18T10:00:19Z,20.99
1,45.1,9.2,2026-03-18T10:00:29Z,29.89
1,45.1,9.2,2026-03-18T10:00:39Z,18.96
1,45.1,9.2,2026-03-18T10:00:49Z,21.11
1,45.1,9.2,2026-03-18T10:00:59Z,16.9
1,45.1,9.2,2026-03-18T10:01:09Z,19.11
1,45.1,9.2,2026-03-18T10:01:19Z,18.45
1,45.1,9.2,2026-03-18T10:01:29Z,14.23
1,45.1,9.2,2026-03-18T10:01:39Z,20.53
1,45.1,9.2,2026-03-18T10:01:49Z,10.57
1,45.1,9.2,2026-03-18T10:01:59Z,24.18
1,45.1,9.2,2026-03-18T10:02:09Z,27.86
1,45.1,9.2,2026-03-18T10:02:19Z,12.33
1,45.1,9.2,2026-03-18T10:02:29Z,13.25
1,45.1,9.2,2026-03-18T10:02:39Z,20.84
1,45.1,9.2,2026-03-18T10:02:49Z,21.63
1,45.1,9.2,2026-03-18T10:02:59Z,10.46
1,45.1,9.2,2026-03-18T10:03:09Z,27.83
1,45.1,9.2,2026-03-18T10:03:19Z,12.95
1,45.1,9.2,2026-03-18T10:03:29Z,28.47
1,45.1,9.2,2026-03-18T10:03:39Z,28.48
1,45.1,9.2,2026-03-18T10:03:49Z,15.22
1,45.1,9.2,2026-03-18T10:03:59Z,23.14
1,45.1,9.2,2026-03-18T10:04:09Z,21.89
1,45.1,9.2,2026-03-18T10:04:19Z,19.68
1,45.1,9.2,2026-03-18T10:04:29Z,28.05
1,45.1,9.2,2026-03-18T10:04:39Z,13.69
1,45.1,9.2,2026-03-18T10:04:49Z,18.1
1,45.1,9.2,2026-03-18T10:04:59Z,29.98
1,45.1,9.2,2026-03-18T10:05:09Z,11.75
1,45.1,9.2,2026-03-18T10:05:20Z,25.24
1,45.1,9.2,2026-03-18T10:05:30Z,21.2
1,45.1,9.2,2026-03-18T10:05:40Z,22.42
1,45.1,9.2,2026-03-18T10:05:50Z,16.49
1,45.1,9.2,2026-03-18T10:06:00Z,16.68
1,45.1,9.2,2026-03-18T10:06:10Z,18.27
1,45.1,9.2,2026-03-18T10:06:20Z,22.08
1,45.1,9.2,2026-03-18T10:06:30Z,29.89
1,45.1,9.2,2026-03-18T10:06:40Z,17.3
1,45.1,9.2,2026-03-18T10:06:50Z,25.08
1,45.1,9.2,2026-03-18T10:07:00Z,19.83
1,45.1,9.2,2026-03-18T10:07:10Z,19.49
1,45.1,9.2,2026-03-18T10:07:20Z,14.44
1,45.1,9.2,2026-03-18T10:07:30Z,11.6
1,45.1,9.2,2026-03-18T10:07:40Z,16.41
1,45.1,9.2,2026-03-18T10:07:50Z,25.41
1,45.1,9.2,2026-03-18T10:08:00Z,28.38
1,45.1,9.2,2026-03-18T10:08:10Z,11.84
1,45.1,9.2,2026-03-18T10:08:20Z,26.1
1,45.1,9.2,2026-03-18T10:08:30Z,29.68
1,45.1,9.2,2026-03-18T10:08:40Z,18.0
1,45.1,9.2,2026-03-18T10:08:50Z,17.92
1,45.1,9.2,2026-03-18T10:09:00Z,15.47
1,45.1,9.2,2026-03-18T10:09:10Z,15.0
1,45.1,9.2,2026-03-18T10:09:20Z,15.45
1,45.1,9.2,2026-03-18T10:09:30Z,19.5
1,45.1,9.2,2026-03-18T10:09:40Z,26.13
1,45.1,9.2,2026-03-18T10:09:50Z,13.5
1,45.1,9.2,2026-03-18T10:10:00Z,24.45
1,45.1,9.2,2026-03-18T10:10:10Z,15.8
1,45.1,9.2,2026-03-18T10:10:20Z,23.18
1,45.1,9.2,2026-03-18T10:10:30Z,13.41
1,45.1,9.2,2026-03-18T10:10:40Z,16.48
1,45.1,9.2,2026-03-18T10:10:50Z,23.09
1,45.1,9.2,2026-03-18T10:11:00Z,18.53
1,45.1,9.2,2026-03-18T10:11:10Z,21.48
1,45.1,9.2,2026-03-18T10:11:20Z,22.47
1,45.1,9.2,2026-03-18T10:11:30Z,11.85
1,45.1,9.2,2026-03-18T10:11:40Z,20.85
1,45.1,9.2,2026-03-18T10:11:50Z,13.24
1,45.1,9.2,2026-03-18T10:12:00Z,29.51
1,45.1,9.2,2026-03-18T10:12:10Z,27.45
1,45.1,9.2,2026-03-18T10:12:21Z,29.03
1,45.1,9.2,2026-03-18T10:12:31Z,11.38
1,45.1,9.2,2026-03-18T10:12:41Z,29.08
1,45.1,9.2,2026-03-18T10:12:51Z,16.63
1,45.1,9.2,2026-03-18T10:13:01Z,12.28
1,45.1,9.2,2026-03-18T10:13:11Z,18.78
1,45.1,9.2,2026-03-18T10:13:21Z,25.84
1,45.1,9.2,2026-03-18T10:13:31Z,12.49
1,45.1,9.2,2026-03-18T10:13:41Z,15.91
1,45.1,9.2,2026-03-18T10:13:51Z,15.01
1,45.1,9.2,2026-03-18T10:14:01Z,20.61
1,45.1,9.2,2026-03-18T10:14:11Z,13.76
1,45.1,9.2,2026-03-18T10:14:21Z,21.43
1,45.1,9.2,2026-03-18T10:14:31Z,21.36
1,45.1,9.2,2026-03-18T10:14:41Z,10.05
1,45.1,9.2,2026-03-18T10:14:51Z,12.54
1,45.1,9.2,2026-03-18T10:15:01Z,27.82
1,45.1,9.2,2026-03-18T10:15:11Z,14.52
1,45.1,9.2,2026-03-18T10:15:21Z,17.96
1,45.1,9.2,2026-03-18T10:15:31Z,15.03
1,45.1,9.2,2026-03-18T10:15:41Z,24.95
1,45.1,9.2,2026-03-18T10:15:51Z,28.26
1,45.1,9.2,2026-03-18T10:16:01Z,28.56
1,45.1,9.2,2026-03-18T10:16:11Z,27.51
1,45.1,9.2,2026-03-18T10:16:21Z,24.81
1,45.1,9.2,2026-03-18T10:16:31Z,29.97
1,45.1,9.2,2026-03-18T10:16:41Z,11.73
1,45.1,9.2,2026-03-18T10:16:51Z,20.46
1,45.1,9.2,2026-03-18T10:17:01Z,25.21
1,45.1,9.2,2026-03-18T10:17:11Z,14.9
1,45.1,9.2,2026-03-18T10:17:21Z,13.89
1,45.1,9.2,2026-03-18T10:17:31Z,22.13
1,45.1,9.2,2026-03-18T10:17:41Z,29.54
1,45.1,9.2,2026-03-18T10:17:51Z,25.48
1,45.1,9.2,2026-03-18T10:18:01Z,26.3
1,45.1,9.2,2026-03-18T10:18:11Z,22.89
1,45.1,9.2,2026-03-18T10:18:21Z,22.76
1,45.1,9.2,2026-03-18T10:18:31Z,10.66
1,45.1,9.2,2026-03-18T10:18:41Z,10.89
1,45.1,9.2,2026-03-18T10:18:51Z,29.45
1,45.1,9.2,2026-03-18T10:19:01Z,16.13
1,45.1,9.2,2026-03-18T10:19:11Z,28.82
1,45.1,9.2,2026-03-18T10:19:21Z,13.5
1,45.1,9.2,2026-03-18T10:19:32Z,16.88
1,45.1,9.2,2026-03-18T10:19:42Z,19.97
1,45.1,9.2,2026-03-18T10:19:52Z,19.71
1,45.1,9.2,2026-03-18T10:20:02Z,17.37
1,45.1,9.2,2026-03-18T10:20:12Z,26.07
1,45.1,9.2,2026-03-18T10:20:22Z,27.77
1,45.1,9.2,2026-03-18T10:20:32Z,16.26
1,45.1,9.2,2026-03-18T10:20:42Z,22.8
1,45.1,9.2,2026-03-18T10:20:52Z,11.1
1,45.1,9.2,2026-03-18T10:21:02Z,28.47
1,45.1,9.2,2026-03-18T10:21:12Z,21.63
1,45.1,9.2,2026-03-18T10:21:22Z,16.25
1,45.1,9.2,2026-03-18T10:21:32Z,16.48
1,45.1,9.2,2026-03-18T10:21:42Z,18.72
1,45.1,9.2,2026-03-18T10:21:52Z,29.65
1,45.1,9.2,2026-03-18T10:22:02Z,10.3
1,45.1,9.2,2026-03-18T11:11:20Z,15.52
1,45.1,9.2,2026-03-18T11:11:30Z,17.53
1,45.1,9.2,2026-03-18T11:11:40Z,23.89
1,45.1,9.2,2026-03-18T11:11:50Z,18.91
1,45.1,9.2,2026-03-18T11:12:00Z,18.48
1,45.1,9.2,2026-03-18T11:12:10Z,19.27
1,45.1,9.2,2026-03-18T11:12:20Z,22.28
1,45.1,9.2,2026-03-18T11:12:30Z,15.71
1,45.1,9.2,2026-03-18T11:12:41Z,12.01
1,45.1,9.2,2026-03-18T11:12:51Z,11.78
1,45.1,9.2,2026-03-18T11:13:01Z,11.55
1,45.1,9.2,2026-03-18T11:13:11Z,19.16
1,45.1,9.2,2026-03-18T11:13:21Z,27.87
1,45.1,9.2,2026-03-18T11:13:31Z,11.07
1,45.1,9.2,2026-03-18T11:13:41Z,12.85
1,45.1,9.2,2026-03-18T11:13:51Z,14.71
1,45.1,9.2,2026-03-18T11:14:01Z,29.36
1,45.1,9.2,2026-03-18T11:14:11Z,27.32
1,45.1,9.2,2026-03-18T11:14:21Z,12.23
1,45.1,9.2,2026-03-18T11:14:31Z,14.97
1,45.1,9.2,2026-03-18T11:14:41Z,11.82
1,45.1,9.2,2026-03-18T11:14:51Z,20.61
1,45.1,9.2,2026-03-18T11:15:01Z,15.09
1,45.1,9.2,2026-03-18T11:15:11Z,28.1
1,45.1,9.2,2026-03-18T11:15:21Z,17.35
1,45.1,9.2,2026-03-18T11:15:31Z,26.6
1,45.1,9.2,2026-03-18T11:15:41Z,11.71
1,45.1,9.2,2026-03-18T11:15:51Z,23.92
1,45.1,9.2,2026-03-18T11:16:01Z,11.46
1,45.1,9.2,2026-03-18T11:16:11Z,29.43
1,45.1,9.2,2026-03-18T11:16:21Z,11.22
1,45.1,9.2,2026-03-18T11:16:31Z,23.92
1,45.1,9.2,2026-03-18T11:16:41Z,27.9
1,45.1,9.2,2026-03-18T11:16:52Z,26.19
1,45.1,9.2,2026-03-18T11:17:02Z,17.16
1,45.1,9.2,2026-03-18T11:17:12Z,13.67
1,45.1,9.2,2026-03-18T11:17:22Z,11.23
1,45.1,9.2,2026-03-18T11:17:32Z,24.38
1,45.1,9.2,2026-03-18T11:17:42Z,22.86
1,45.1,9.2,2026-03-18T11:17:52Z,18.97
1,45.1,9.2,2026-03-18T11:18:02Z,25.26
1,45.1,9.2,2026-03-18T11:18:12Z,20.83
1,45.1,9.2,2026-03-18T11:18:22Z,11.43
1,45.1,9.2,2026-03-18T11:18:32Z,18.88
1,45.1,9.2,2026-03-18T11:18:42Z,26.27
1,45.1,9.2,2026-03-18T11:18:52Z,16.11
1,45.1,9.2,2026-03-18T11:19:02Z,16.77
1,45.1,9.2,2026-03-18T11:19:12Z,18.61
1,45.1,9.2,2026-03-18T11:19:22Z,19.81
1,45.1,9.2,2026-03-18T11:19:32Z,22.66
1,45.1,9.2,2026-03-18T11:19:42Z,13.26
1,45.1,9.2,2026-03-18T11:19:52Z,23.0
1,45.1,9.2,2026-03-18T11:20:02Z,16.31
1,45.1,9.2,2026-03-18T11:20:12Z,28.72
1,45.1,9.2,2026-03-18T11:20:22Z,12.96
1,45.1,9.2,2026-03-18T11:20:32Z,19.79
1,45.1,9.2,2026-03-18T11:20:42Z,22.54
1,45.1,9.2,2026-03-18T11:20:52Z,22.53
1,45.1,9.2,2026-03-18T11:21:02Z,20.65
1,45.1,9.2,2026-03-18T11:21:12Z,20.15
1,45.1,9.2,2026-03-18T11:21:23Z,18.37
1,45.1,9.2,2026-03-18T11:21:33Z,11.94
1,45.1,9.2,2026-03-18T11:21:43Z,11.12
1,45.1,9.2,2026-03-18T11:21:53Z,21.67
1,45.1,9.2,2026-03-18T11:22:03Z,19.51
1,45.1,9.2,2026-03-18T11:22:13Z,22.77
1,45.1,9.2,2026-03-18T11:22:23Z,23.13
1,45.1,9.2,2026-03-18T11:22:33Z,24.47
1,45.1,9.2,2026-03-18T11:22:43Z,17.39
1,45.1,9.2,2026-03-18T11:22:53Z,28.97
1,45.1,9.2,2026-03-18T11:23:03Z,12.6
1,45.1,9.2,2026-03-18T11:23:13Z,10.6
1,45.1,9.2,2026-03-18T11:23:23Z,17.7
1,45.1,9.2,2026-03-18T11:23:33Z,13.7
1,45.1,9.2,2026-03-18T11:23:43Z,10.38
1,45.1,9.2,2026-03-18T11:23:53Z,11.82
1,45.1,9.2,2026-03-18T11:24:03Z,25.57
1,45.1,9.2,2026-03-18T11:24:13Z,14.34
1,45.1,9.2,2026-03-18T11:24:23Z,24.5
1,45.1,9.2,2026-03-18T11:24:33Z,16.61
1,45.1,9.2,2026-03-18T11:24:43Z,16.06
1,45.1,9.2,2026-03-18T11:24:53Z,19.4
1,45.1,9.2,2026-03-18T11:25:03Z,13.35
1,45.1,9.2,2026-03-18T11:25:13Z,11.96
1,45.1,9.2,2026-03-18T11:25:23Z,13.67
1,45.1,9.2,2026-03-18T11:25:33Z,25.71
1,45.1,9.2,2026-03-18T11:25:43Z,13.93
1,45.1,9.2,2026-03-18T11:25:54Z,29.35
1,45.1,9.2,2026-03-18T11:26:04Z,23.85
1,45.1,9.2,2026-03-18T11:26:14Z,20.12
1,45.1,9.2,2026-03-18T11:26:24Z,29.36
1,45.1,9.2,2026-03-18T11:26:34Z,18.37
1,45.1,9.2,2026-03-18T11:26:44Z,23.22
1,45.1,9.2,2026-03-18T11:26:54Z,22.29
1,45.1,9.2,2026-03-18T11:27:04Z,24.38
1,45.1,9.2,2026-03-18T11:27:14Z,27.93
1,45.1,9.2,2026-03-18T11:27:24Z,20.9
1,45.1,9.2,2026-03-18T11:27:34Z,18.54
1,45.1,9.2,2026-03-18T11:27:44Z,25.16
1,45.1,9.2,2026-03-18T11:27:54Z,21.9
1,45.1,9.2,2026-03-18T11:28:04Z,19.94
1,45.1,9.2,2026-03-18T11:28:14Z,29.66
1,45.1,9.2,2026-03-18T11:28:24Z,22.87
1,45.1,9.2,2026-03-18T11:28:34Z,13.79
1,45.1,9.2,2026-03-18T11:28:45Z,25.2
1,45.1,9.2,2026-03-18T11:28:55Z,25.65
1,45.1,9.2,2026-03-18T11:29:05Z,26.76
1,45.1,9.2,2026-03-18T11:29:15Z,20.62
1,45.1,9.2,2026-03-18T11:29:25Z,27.23
1,45.1,9.2,2026-03-18T11:29:35Z,11.95
1,45.1,9.2,2026-03-18T11:29:45Z,10.59
1,45.1,9.2,2026-03-18T11:29:55Z,23.61
1,45.1,9.2,2026-03-18T11:30:05Z,10.62
1,45.1,9.2,2026-03-18T11:30:15Z,17.4
1,45.1,9.2,2026-03-18T11:30:25Z,22.38
1,45.1,9.2,2026-03-18T11:30:35Z,19.0
1,45.1,9.2,2026-03-18T11:30:45Z,21.5
1,45.1,9.2,2026-03-18T11:30:55Z,29.16
1,45.1,9.2,2026-03-18T11:31:05Z,22.72
1,45.1,9.2,2026-03-18T11:31:15Z,15.25
1,45.1,9.2,2026-03-18T11:31:25Z,14.36
1,45.1,9.2,2026-03-18T11:31:36Z,29.02
1,45.1,9.2,2026-03-18T11:31:46Z,14.02
1,45.1,9.2,2026-03-18T11:31:56Z,11.24
1,45.1,9.2,2026-03-18T11:32:06Z,29.21
1,45.1,9.2,2026-03-18T11:32:16Z,14.29
1,45.1,9.2,2026-03-18T11:32:26Z,18.96
1,45.1,9.2,2026-03-18T11:32:36Z,17.09
1,45.1,9.2,2026-03-18T11:32:46Z,22.19
1,45.1,9.2,2026-03-18T11:32:56Z,20.83
1,45.1,9.2,2026-03-18T11:33:06Z,27.96
1,45.1,9.2,2026-03-18T11:33:16Z,23.13
1,45.1,9.2,2026-03-18T11:33:26Z,15.96
1,45.1,9.2,2026-03-18T11:33:36Z,18.19
1,45.1,9.2,2026-03-18T11:33:46Z,12.46
1,45.1,9.2,2026-03-18T11:33:56Z,18.45
1,45.1,9.2,2026-03-18T11:34:06Z,26.34
1,45.1,9.2,2026-03-18T11:34:16Z,25.52
1,45.1,9.2,2026-03-18T11:34:26Z,13.03
1,45.1,9.2,2026-03-18T11:34:36Z,15.79
1,45.1,9.2,2026-03-18T11:34:46Z,15.25
1,45.1,9.2,2026-03-18T11:34:56Z,10.74
1,45.1,9.2,2026-03-18T11:35:06Z,24.8
1,45.1,9.2,2026-03-18T11:35:17Z,29.92
1,45.1,9.2,2026-03-18T11:35:27Z,21.38
1,45.1,9.2,2026-03-18T11:35:37Z,13.12
1,45.1,9.2,2026-03-18T11:35:47Z,16.7
1,45.1,9.2,2026-03-18T11:35:57Z,29.6
1,45.1,9.2,2026-03-18T11:36:07Z,29.04
1,45.1,9.2,2026-03-18T11:36:17Z,19.0
1,45.1,9.2,2026-03-18T11:36:27Z,18.2
1,45.1,9.2,2026-03-18T11:36:37Z,28.69
1,45.1,9.2,2026-03-18T11:36:47Z,14.77
1,45.1,9.2,2026-03-18T11:36:57Z,15.82
1,45.1,9.2,2026-03-18T11:37:07Z,17.0
1,45.1,9.2,2026-03-18T11:37:17Z,17.5
1,45.1,9.2,2026-03-18T11:37:27Z,22.67
1,45.1,9.2,2026-03-18T11:37:37Z,21.25
1,45.1,9.2,2026-03-18T11:37:47Z,20.25
1,45.1,9.2,2026-03-18T11:37:57Z,23.95
1,45.1,9.2,2026-03-18T11:38:07Z,23.52
1,45.1,9.2,2026-03-18T11:38:18Z,16.25
1,45.1,9.2,2026-03-18T11:38:29Z,21.49
1,45.1,9.2,2026-03-18T11:38:39Z,27.58
1,45.1,9.2,2026-03-18T11:38:49Z,21.31
1,45.1,9.2,2026-03-18T11:38:59Z,17.75
1,45.1,9.2,2026-03-18T11:39:09Z,11.49
1,45.1,9.2,2026-03-18T11:40:58Z,14.2
1,45.1,9.2,2026-03-18T11:41:08Z,18.61
1,45.1,9.2,2026-03-18T11:41:18Z,11.17
1,45.1,9.2,2026-03-18T11:41:29Z,19.69
1,45.1,9.2,2026-03-18T11:41:39Z,27.45
1,45.1,9.2,2026-03-18T11:41:49Z,20.26
1,45.1,9.2,2026-03-18T11:41:59Z,11.33
1,45.1,9.2,2026-03-18T11:42:09Z,23.38
1,45.1,9.2,2026-03-18T11:42:19Z,26.65
1,45.1,9.2,2026-03-18T11:42:29Z,11.06
1,45.1,9.2,2026-03-18T11:42:39Z,16.19
1,45.1,9.2,2026-03-18T11:42:49Z,24.86
1,45.1,9.2,2026-03-18T11:42:59Z,10.9
1,45.1,9.2,2026-03-18T11:43:09Z,23.12
1,45.1,9.2,2026-03-18T11:43:19Z,19.32
1,45.1,9.2,2026-03-18T11:43:29Z,24.65
1,45.1,9.2,2026-03-18T11:43:39Z,16.73
1,45.1,9.2,2026-03-18T11:43:49Z,14.39
1,45.1,9.2,2026-03-18T11:43:59Z,13.73
1,45.1,9.2,2026-03-18T11:44:09Z,27.63
1,45.1,9.2,2026-03-18T11:44:19Z,10.42
1,45.1,9.2,2026-03-18T11:44:29Z,22.64
1,45.1,9.2,2026-03-18T11:44:39Z,13.15
1,45.1,9.2,2026-03-18T11:44:50Z,16.46
1,45.1,9.2,2026-03-18T11:45:00Z,16.36
1,45.1,9.2,2026-03-18T11:45:10Z,23.68
1,45.1,9.2,2026-03-18T11:45:20Z,16.91
1,45.1,9.2,2026-03-18T11:45:30Z,26.69
1,45.1,9.2,2026-03-18T11:45:40Z,29.09
1,45.1,9.2,2026-03-18T11:45:50Z,10.35
1,45.1,9.2,2026-03-18T11:46:00Z,14.49
1,45.1,9.2,2026-03-18T11:46:10Z,14.99
1,45.1,9.2,2026-03-18T11:46:20Z,10.55
1,45.1,9.2,2026-03-18T11:46:30Z,27.62
1,45.1,9.2,2026-03-18T11:46:40Z,29.05
1,45.1,9.2,2026-03-18T11:46:50Z,28.29
1,45.1,9.2,2026-03-18T11:47:00Z,11.36
1,45.1,9.2,2026-03-18T11:47:10Z,11.63
1,45.1,9.2,2026-03-18T11:47:20Z,17.8
1,45.1,9.2,2026-03-18T11:47:30Z,10.47
1,45.1,9.2,2026-03-18T11:47:40Z,13.3
1,45.1,9.2,2026-03-18T11:47:50Z,25.24
1,45.1,9.2,2026-03-18T11:48:00Z,10.53
1,45.1,9.2,2026-03-18T11:48:10Z,12.24
1,45.1,9.2,2026-03-18T11:48:20Z,16.05
1,45.1,9.2,2026-03-18T11:48:30Z,22.04
1,45.1,9.2,2026-03-18T11:48:40Z,21.32
1,45.1,9.2,2026-03-18T11:48:51Z,10.27
1,45.1,9.2,2026-03-18T11:49:01Z,14.63
1,45.1,9.2,2026-03-18T11:49:11Z,28.57
1,45.1,9.2,2026-03-18T11:49:21Z,19.6
1,45.1,9.2,2026-03-18T11:49:31Z,19.57
1,45.1,9.2,2026-03-18T11:49:41Z,11.54
1,45.1,9.2,2026-03-18T11:49:51Z,12.28
1,45.1,9.2,2026-03-18T11:50:01Z,24.26
1,45.1,9.2,2026-03-18T11:50:11Z,14.01
1,45.1,9.2,2026-03-18T11:50:21Z,13.06
1,45.1,9.2,2026-03-18T11:50:31Z,29.79
1,45.1,9.2,2026-03-18T11:50:41Z,26.84
1,45.1,9.2,2026-03-18T11:50:51Z,24.63
1,45.1,9.2,2026-03-18T11:51:01Z,23.14
1,45.1,9.2,2026-03-18T11:51:11Z,20.53
1,45.1,9.2,2026-03-18T11:51:21Z,21.03
1,45.1,9.2,2026-03-18T11:51:31Z,15.63
1,45.1,9.2,2026-03-18T11:51:41Z,10.12
1,45.1,9.2,2026-03-18T11:51:51Z,17.61
1,45.1,9.2,2026-03-18T11:52:01Z,17.5
1,45.1,9.2,2026-03-18T11:52:11Z,16.55
1,45.1,9.2,2026-03-18T11:52:21Z,17.87
1,45.1,9.2,2026-03-18T11:52:31Z,27.34
1,45.1,9.2,2026-03-18T11:52:41Z,27.87
1,45.1,9.2,2026-03-18T11:52:51Z,25.61
1,45.1,9.2,2026-03-18T11:53:01Z,29.53
1,45.1,9.2,2026-03-18T11:53:11Z,20.71
1,45.1,9.2,2026-03-18T11:53:21Z,28.21
1,45.1,9.2,2026-03-18T11:53:32Z,23.16
1,45.1,9.2,2026-03-18T11:53:42Z,10.0
1,45.1,9.2,2026-03-18T11:53:52Z,27.17
1,45.1,9.2,2026-03-18T11:54:02Z,15.42
1,45.1,9.2,2026-03-18T11:54:12Z,21.61
1,45.1,9.2,2026-03-18T11:54:22Z,12.35
1,45.1,9.2,2026-03-18T12:56:03Z,29.88
1,45.1,9.2,2026-03-18T12:56:13Z,10.03
1,45.1,9.2,2026-03-18T12:56:23Z,22.2
1,45.1,9.2,2026-03-18T12:56:33Z,22.45
1,45.1,9.2,2026-03-18T12:56:43Z,20.67
1,45.1,9.2,2026-03-18T12:56:53Z,20.28
1,45.1,9.2,2026-03-18T12:57:03Z,29.89
1,45.1,9.2,2026-03-18T12:57:13Z,25.07
1,45.1,9.2,2026-03-18T12:57:23Z,29.98
1,45.1,9.2,2026-03-18T12:57:34Z,16.66
1,45.1,9.2,2026-03-18T12:57:44Z,26.21
1,45.1,9.2,2026-03-18T12:57:54Z,14.88
1,45.1,9.2,2026-03-18T12:58:04Z,12.91
1,45.1,9.2,2026-03-18T12:58:14Z,24.18
1,45.1,9.2,2026-03-18T12:58:24Z,13.67
1,45.1,9.2,2026-03-18T12:58:34Z,19.79
1,45.1,9.2,2026-03-18T12:58:44Z,23.63
1,45.1,9.2,2026-03-18T12:58:54Z,11.82
1,45.1,9.2,2026-03-18T12:59:04Z,25.27
1,45.1,9.2,2026-03-18T12:59:14Z,24.96
1,45.1,9.2,2026-03-18T12:59:24Z,22.16
1,45.1,9.2,2026-03-18T12:59:34Z,13.35
1,45.1,9.2,2026-03-18T12:59:44Z,11.77
1,45.1,9.2,2026-03-18T12:59:54Z,10.4
1,45.1,9.2,2026-03-18T13:00:04Z,20.24
1,45.1,9.2,2026-03-18T13:00:14Z,15.57
1,45.1,9.2,2026-03-18T13:00:24Z,20.38
1,45.1,9.2,2026-03-18T13:00:34Z,25.02
1,45.1,9.2,2026-03-18T13:00:44Z,25.81
1,45.1,9.2,2026-03-18T13:00:54Z,15.71
1,45.1,9.2,2026-03-18T13:01:04Z,29.47
1,45.1,9.2,2026-03-18T13:01:14Z,11.37
1,45.1,9.2,2026-03-18T13:01:24Z,22.36
1,45.1,9.2,2026-03-18T13:01:35Z,13.03
1,45.1,9.2,2026-03-18T13:01:45Z,11.19
1,45.1,9.2,2026-03-18T13:01:55Z,17.48
1,45.1,9.2,2026-03-18T13:02:05Z,19.68
1,45.1,9.2,2026-03-18T13:02:15Z,12.14
1,45.1,9.2,2026-03-18T13:02:25Z,17.32
1,45.1,9.2,2026-03-18T13:02:35Z,19.64
1,45.1,9.2,2026-03-18T13:02:45Z,17.49
1,45.1,9.2,2026-03-18T13:02:55Z,29.61
1,45.1,9.2,2026-03-18T13:03:05Z,10.03
1,45.1,9.2,2026-03-18T13:03:15Z,25.83
1,45.1,9.2,2026-03-18T13:03:25Z,29.51
1,45.1,9.2,2026-03-18T13:03:36Z,19.82
1,45.1,9.2,2026-03-18T13:03:46Z,16.59
1,45.1,9.2,2026-03-18T13:03:56Z,18.69
1,45.1,9.2,2026-03-18T13:04:06Z,14.15
1,45.1,9.2,2026-03-18T13:04:16Z,11.65
1,45.1,9.2,2026-03-18T13:04:26Z,20.07
1,45.1,9.2,2026-03-18T13:04:36Z,24.31
1,45.1,9.2,2026-03-18T13:04:46Z,13.46
1,45.1,9.2,2026-03-18T13:04:56Z,11.63
1,45.1,9.2,2026-03-18T13:05:06Z,17.44
1,45.1,9.2,2026-03-18T13:05:16Z,14.74
1,45.1,9.2,2026-03-18T13:05:26Z,10.3
1,45.1,9.2,2026-03-18T13:05:36Z,14.7
1,45.1,9.2,2026-03-18T13:05:46Z,29.24
1,45.1,9.2,2026-03-18T13:05:56Z,26.7
1,45.1,9.2,2026-03-18T13:06:06Z,11.69
1,45.1,9.2,2026-03-18T13:06:16Z,15.59
1,45.1,9.2,2026-03-18T13:06:26Z,17.53
1,45.1,9.2,2026-03-18T13:06:37Z,27.09
1,45.1,9.2,2026-03-18T13:06:48Z,19.38
1,45.1,9.2,2026-03-18T13:06:58Z,23.22
1,45.1,9.2,2026-03-18T13:07:08Z,14.64
1,45.1,9.2,2026-03-18T13:07:18Z,23.19
1,45.1,9.2,2026-03-18T13:07:28Z,14.07
1,45.1,9.2,2026-03-18T13:07:38Z,17.79
1,45.1,9.2,2026-03-18T13:07:48Z,17.3
1,45.1,9.2,2026-03-18T13:07:58Z,16.9
1,45.1,9.2,2026-03-18T13:08:08Z,22.48
1,45.1,9.2,2026-03-18T13:08:18Z,13.13
1,45.1,9.2,2026-03-18T13:08:28Z,25.49
1,45.1,9.2,2026-03-18T13:08:38Z,24.35
1,45.1,9.2,2026-03-18T13:08:48Z,26.5
1,45.1,9.2,2026-03-18T13:08:58Z,24.84
1,45.1,9.2,2026-03-18T13:09:08Z,22.64
1,45.1,9.2,2026-03-18T13:09:18Z,15.79
1,45.1,9.2,2026-03-18T13:09:28Z,16.03
1,45.1,9.2,2026-03-18T13:09:38Z,13.55
1,45.1,9.2,2026-03-18T13:09:48Z,14.6
1,45.1,9.2,2026-03-18T13:09:58Z,18.88
1,45.1,9.2,2026-03-18T13:10:08Z,26.94
1,45.1,9.2,2026-03-18T13:10:18Z,13.7
1,45.1,9.2,2026-03-18T13:10:28Z,19.45
1,45.1,9.2,2026-03-18T13:10:39Z,25.27
1,45.1,9.2,2026-03-18T13:10:49Z,22.36
1,45.1,9.2,2026-03-18T13:10:59Z,11.73
1,45.1,9.2,2026-03-18T13:11:09Z,11.35
1,45.1,9.2,2026-03-18T13:11:19Z,15.01
1,45.1,9.2,2026-03-18T13:11:29Z,28.0
1,45.1,9.2,2026-03-18T13:11:39Z,17.99
1,45.1,9.2,2026-03-18T13:11:49Z,17.3
1,45.1,9.2,2026-03-18T13:11:59Z,20.66
1,45.1,9.2,2026-03-18T13:12:09Z,14.45
1,45.1,9.2,2026-03-18T13:12:19Z,18.76
1,45.1,9.2,2026-03-18T13:12:29Z,12.9
1,45.1,9.2,2026-03-18T13:12:39Z,11.24
1,45.1,9.2,2026-03-18T13:12:49Z,18.01
1,45.1,9.2,2026-03-18T13:12:59Z,17.82
1,45.1,9.2,2026-03-18T13:13:09Z,21.16
1,45.1,9.2,2026-03-18T13:13:19Z,25.97
1,45.1,9.2,2026-03-18T13:13:29Z,20.0
1,45.1,9.2,2026-03-18T13:13:39Z,23.79
1,45.1,9.2,2026-03-18T13:13:49Z,19.44
1,45.1,9.2,2026-03-18T13:13:59Z,12.33
1,45.1,9.2,2026-03-18T13:14:09Z,15.23
1,45.1,9.2,2026-03-18T13:14:19Z,19.08
1,45.1,9.2,2026-03-18T13:14:29Z,10.96
1,45.1,9.2,2026-03-18T13:14:39Z,17.19
1,45.1,9.2,2026-03-18T13:14:49Z,25.04
1,45.1,9.2,2026-03-18T13:14:59Z,18.63
1,45.1,9.2,2026-03-18T13:15:09Z,23.68
1,45.1,9.2,2026-03-18T13:15:19Z,11.1
1,45.1,9.2,2026-03-18T13:15:29Z,13.23
1,45.1,9.2,2026-03-18T13:15:39Z,19.9
1,45.1,9.2,2026-03-18T13:15:49Z,12.09
1,45.1,9.2,2026-03-18T13:15:59Z,29.12
1,45.1,9.2,2026-03-18T13:16:09Z,11.38
1,45.1,9.2,2026-03-18T13:16:19Z,19.28
1,45.1,9.2,2026-03-18T13:16:29Z,19.06
1,45.1,9.2,2026-03-18T13:16:39Z,12.61
1,45.1,9.2,2026-03-18T13:16:49Z,22.4
1,45.1,9.2,2026-03-18T13:16:59Z,20.74
1,45.1,9.2,2026-03-18T13:17:09Z,29.93
1,45.1,9.2,2026-03-18T13:17:19Z,20.83
1,45.1,9.2,2026-03-18T13:17:29Z,24.08
1,45.1,9.2,2026-03-18T13:17:39Z,21.98
1,45.1,9.2,2026-03-18T13:17:49Z,20.28
1,45.1,9.2,2026-03-18T13:17:59Z,18.65
1,45.1,9.2,2026-03-18T13:18:09Z,18.51
1,45.1,9.2,2026-03-18T13:18:19Z,29.98
1,45.1,9.2,2026-03-18T13:18:30Z,28.12
1,45.1,9.2,2026-03-18T13:18:40Z,11.99
1,45.1,9.2,2026-03-18T13:18:50Z,17.8
1,45.1,9.2,2026-03-18T13:19:00Z,10.99
1,45.1,9.2,2026-03-18T13:19:10Z,22.19
1,45.1,9.2,2026-03-18T13:19:20Z,23.74
1,45.1,9.2,2026-03-18T13:19:30Z,23.38
1,45.1,9.2,2026-03-18T13:19:40Z,27.95
1,45.1,9.2,2026-03-18T13:19:50Z,13.11
1,45.1,9.2,2026-03-18T13:20:00Z,26.65
1,45.1,9.2,2026-03-18T13:20:10Z,29.07
1,45.1,9.2,2026-03-18T13:20:20Z,29.98
1,45.1,9.2,2026-03-18T13:20:30Z,22.11
1,45.1,9.2,2026-03-18T13:20:40Z,26.01
1,45.1,9.2,2026-03-18T13:20:50Z,13.4
1,45.1,9.2,2026-03-18T13:21:00Z,19.69
1,45.1,9.2,2026-03-18T13:21:10Z,28.41
1,45.1,9.2,2026-03-18T13:21:20Z,26.2
1,45.1,9.2,2026-03-18T13:21:30Z,13.63
1,45.1,9.2,2026-03-18T13:21:40Z,20.17
1,45.1,9.2,2026-03-18T13:21:50Z,20.21
1,45.1,9.2,2026-03-18T13:22:00Z,19.63
1,45.1,9.2,2026-03-18T13:22:10Z,21.92
1,45.1,9.2,2026-03-18T13:22:20Z,24.19
1,45.1,9.2,2026-03-18T13:22:30Z,11.24
1,45.1,9.2,2026-03-18T13:22:40Z,17.74
1,45.1,9.2,2026-03-18T13:22:50Z,15.38
1,45.1,9.2,2026-03-18T13:23:00Z,25.16
