sensor_id,latitude,longitude,timestamp_utc,value
1,45.1,9.2,2026-03-18T09:41:25Z,14.06
1,45.1,9.2,2026-03-18T09:41:35Z,21.81
1,45.1,9.2,2026-03-18T09:41:45Z,14.48
1,45.1,9.2,2026-03-18T09:41:55Z,29.61
1,45.1,9.2,2026-03-18T09:42:05Z,17.66
1,45.1,9.2,2026-03-18T09:42:15Z,11.74
1,45.1,9.2,2026-03-18T09:42:25Z,21.76
1,45.1,9.2,2026-03-18T09:42:36Z,12.05
1,45.1,9.2,2026-03-18T09:42:46Z,19.24
1,45.1,9.2,2026-03-18T09:42:56Z,26.8
1,45.1,9.2,2026-03-18T09:43:06Z,24.98
1,45.1,9.2,2026-03-18T09:43:16Z,19.88
1,45.1,9.2,2026-03-18T09:43:26Z,27.31
1,45.1,9.2,2026-03-18T09:43:36Z,22.75
1,45.1,9.2,2026-03-18T09:43:46Z,25.23
1,45.1,9.2,2026-03-18T09:43:56Z,14.61
1,45.1,9.2,2026-03-18T09:44:06Z,13.69
1,45.1,9.2,2026-03-18T09:44:16Z,21.29
1,45.1,9.2,2026-03-18T09:44:26Z,20.71
1,45.1,9.2,2026-03-18T09:44:36Z,12.05
1,45.1,9.2,2026-03-18T09:44:46Z,11.0
1,45.1,9.2,2026-03-18T09:44:56Z,12.41
1,45.1,9.2,2026-03-18T09:45:06Z,21.27
1,45.1,9.2,2026-03-18T09:45:16Z,11.62
1,45.1,9.2,2026-03-18T09:45:26Z,14.55
1,45.1,9.2,2026-03-18T09:45:37Z,18.66
1,45.1,9.2,2026-03-18T09:45:47Z,18.28
1,45.1,9.2,2026-03-18T09:45:57Z,27.85
1,45.1,9.2,2026-03-18T09:46:07Z,13.48
1,45.1,9.2,2026-03-18T09:46:17Z,10.58
1,45.1,9.2,2026-03-18T09:46:27Z,29.62
1,45.1,9.2,2026-03-18T09:46:37Z,23.18
1,45.1,9.2,2026-03-18T09:46:47Z,21.94
1,45.1,9.2,2026-03-18T09:46:57Z,26.8
1,45.1,9.2,2026-03-18T09:47:07Z,21.79
1,45.1,9.2,2026-03-18T09:47:17Z,19.6
1,45.1,9.2,2026-03-18T09:47:27Z,24.85
1,45.1,9.2,2026-03-18T09:47:37Z,22.28
1,45.1,9.2,2026-03-18T09:47:47Z,12.63
1,45.1,9.2,2026-03-18T09:47:57Z,27.31
1,45.1,9.2,2026-03-18T09:48:07Z,21.74
1,45.1,9.2,2026-03-18T09:48:17Z,21.78
1,45.1,9.2,2026-03-18T09:48:27Z,10.07
1,45.1,9.2,2026-03-18T09:48:37Z,26.29
1,45.1,9.2,2026-03-18T09:48:47Z,21.56
1,45.1,9.2,2026-03-18T09:48:57Z,13.43
1,45.1,9.2,2026-03-18T09:49:07Z,14.45
1,45.1,9.2,2026-03-18T09:49:17Z,16.84
1,45.1,9.2,2026-03-18T09:49:27Z,26.17
1,45.1,9.2,2026-03-18T09:49:37Z,10.98
1,45.1,9.2,2026-03-18T09:49:47Z,17.9
1,45.1,9.2,2026-03-18T09:49:57Z,25.1
1,45.1,9.2,2026-03-18T09:50:07Z,13.28
1,45.1,9.2,2026-03-18T09:50:17Z,25.96
1,45.1,9.2,2026-03-18T09:50:27Z,16.49
1,45.1,9.2,2026-03-18T09:50:37Z,26.63
1,45.1,9.2,2026-03-18T09:50:47Z,20.18
1,45.1,9.2,2026-03-18T09:50:57Z,15.37
1,45.1,9.2,2026-03-18T09:51:07Z,26.97
1,45.1,9.2,2026-03-18T09:51:17Z,10.6
1,45.1,9.2,2026-03-18T09:51:27Z,27.14
1,45.1,9.2,2026-03-18T09:51:37Z,11.55
1,45.1,9.2,2026-03-18T09:51:47Z,27.26
1,45.1,9.2,2026-03-18T09:51:57Z,13.52
1,45.1,9.2,2026-03-18T09:52:07Z,11.14
1,45.1,9.2,2026-03-18T09:52:18Z,18.99
1,45.1,9.2,2026-03-18T09:52:28Z,16.38
1,45.1,9.2,2026-03-18T09:52:38Z,12.98
1,45.1,9.2,2026-03-18T09:52:48Z,16.02
1,45.1,9.2,2026-03-18T09:52:58Z,18.5
1,45.1,9.2,2026-03-18T09:53:08Z,22.71
1,45.1,9.2,2026-03-18T09:53:18Z,12.46
1,45.1,9.2,2026-03-18T09:53:28Z,26.63
1,45.1,9.2,2026-03-18T09:53:38Z,20.34
1,45.1,9.2,2026-03-18T09:53:48Z,27.99
1,45.1,9.2,2026-03-18T09:53:58Z,27.24
1,45.1,9.2,2026-03-18T09:54:08Z,28.65
1,45.1,9.2,2026-03-18T09:54:18Z,24.11
1,45.1,9.2,2026-03-18T09:54:28Z,14.65
1,45.1,9.2,2026-03-18T09:54:38Z,29.5
1,45.1,9.2,2026-03-18T09:54:48Z,17.27
1,45.1,9.2,2026-03-18T09:54:58Z,11.54
1,45.1,9.2,2026-03-18T09:55:08Z,28.21
1,45.1,9.2,2026-03-18T09:55:18Z,20.61
1,45.1,9.2,2026-03-18T09:55:28Z,16.66
1,45.1,9.2,2026-03-18T09:55:38Z,12.99
1,45.1,9.2,2026-03-18T09:55:48Z,25.73
1,45.1,9.2,2026-03-18T09:55:58Z,26.41
1,45.1,9.2,2026-03-18T09:56:08Z,21.98
1,45.1,9.2,2026-03-18T09:56:18Z,23.79
1,45.1,9.2,2026-03-18T09:56:28Z,19.7
1,45.1,9.2,2026-03-18T09:56:38Z,19.08
1,45.1,9.2,2026-03-18T09:56:48Z,27.7
1,45.1,9.2,2026-03-18T09:56:58Z,20.78
1,45.1,9.2,2026-03-18T09:57:08Z,18.55
1,45.1,9.2,2026-03-18T09:57:18Z,20.37
1,45.1,9.2,2026-03-18T09:57:28Z,12.7
1,45.1,9.2,2026-03-18T09:57:38Z,21.91
1,45.1,9.2,2026-03-18T09:57:48Z,28.39
1,45.1,9.2,2026-03-18T09:57:58Z,29.42
1,45.1,9.2,2026-03-18T09:58:08Z,14.44
1,45.1,9.2,2026-03-18T09:58:18Z,19.77
1,45.1,9.2,2026-03-18T09:58:28Z,10.19
1,45.1,9.2,2026-03-18T09:58:38Z,10.44
1,45.1,9.2,2026-03-18T09:58:49Z,24.03
1,45.1,9.2,2026-03-18T09:58:59Z,23.21
1,45.1,9.2,2026-03-18T09:59:09Z,16.51
1,45.1,9.2,2026-03-18T09:59:19Z,10.73
1,45.1,9.2,2026-03-18T09:59:29Z,29.6
1,45.1,9.2,2026-03-18T09:59:39Z,12.41
1,45.1,9.2,2026-03-18T09:59:49Z,19.69
1,45.1,9.2,2026-03-18T09:59:59Z,26.4
1,45.1,9.2,2026-03-18T10:00:09Z,14.75
1,45.1,9.2,2026-03-18T10:00:19Z,20.99
1,45.1,9.2,2026-03-18T10:00:29Z,29.89
1,45.1,9.2,2026-03-18T10:00:39Z,18.96
1,45.1,9.2,2026-03-18T10:00:49Z,21.11
1,45.1,9.2,2026-03-18T10:00:59Z,16.9
1,45.1,9.2,2026-03-18T10:01:09Z,19.11
1,45.1,9.2,2026-03-18T10:01:19Z,18.45
1,45.1,9.2,2026-03-18T10:01:29Z,14.23
1,45.1,9.2,2026-03-18T10:01:39Z,20.53
1,45.1,9.2,2026-03-18T10:01:49Z,10.57
1,45.1,9.2,2026-03-18T10:01:59Z,24.18
1,45.1,9.2,2026-03-18T10:02:09Z,27.86
1,45.1,9.2,2026-03-18T10:02:19Z,12.33
1,45.1,9.2,2026-03-18T10:02:29Z,13.25
1,45.1,9.2,2026-03-18T10:02:39Z,20.84
1,45.1,9.2,2026-03-18T10:02:49Z,21.63
1,45.1,9.2,2026-03-18T10:02:59Z,10.46
1,45.1,9.2,2026-03-18T10:03:09Z,27.83
1,45.1,9.2,2026-03-18T10:03:19Z,12.95
1,45.1,9.2,2026-03-18T10:03:29Z,28.47
1,45.1,9.2,2026-03-18T10:03:39Z,28.48
1,45.1,9.2,2026-03-18T10:03:49Z,15.22
1,45.1,9.2,2026-03-18T10:03:59Z,23.14
1,45.1,9.2,2026-03-18T10:04:09Z,21.89
1,45.1,9.2,2026-03-18T10:04:19Z,19.68
1,45.1,9.2,2026-03-18T10:04:29Z,28.05
1,45.1,9.2,2026-03-18T10:04:39Z,13.69
1,45.1,9.2,2026-03-18T10:04:49Z,18.1
1,45.1,9.2,2026-03-18T10:04:59Z,29.98
1,45.1,9.2,2026-03-18T10:05:09Z,11.75
1,45.1,9.2,2026-03-18T10:05:20Z,25.24
1,45.1,9.2,2026-03-18T10:05:30Z,21.2
1,45.1,9.2,2026-03-18T10:05:40Z,22.42
1,45.1,9.2,2026-03-18T10:05:50Z,16.49
1,45.1,9.2,2026-03-18T10:06:00Z,16.68
1,45.1,9.2,2026-03-18T10:06:10Z,18.27
1,45.1,9.2,2026-03-18T10:06:20Z,22.08
1,45.1,9.2,2026-03-18T10:06:30Z,29.89
1,45.1,9.2,2026-03-18T10:06:40Z,17.3
1,45.1,9.2,2026-03-18T10:06:50Z,25.08
1,45.1,9.2,2026-03-18T10:07:00Z,19.83
1,45.1,9.2,2026-03-18T10:07:10Z,19.49
1,45.1,9.2,2026-03-18T10:07:20Z,14.44
1,45.1,9.2,2026-03-18T10:07:30Z,11.6
1,45.1,9.2,2026-03-18T10:07:40Z,16.41
1,45.1,9.2,2026-03-18T10:07:50Z,25.41
1,45.1,9.2,2026-03-18T10:08:00Z,28.38
1,45.1,9.2,2026-03-18T10:08:10Z,11.84
1,45.1,9.2,2026-03-18T10:08:20Z,26.1
1,45.1,9.2,2026-03-18T10:08:30Z,29.68
1,45.1,9.2,2026-03-18T10:08:40Z,18.0
1,45.1,9.2,2026-03-18T10:08:50Z,17.92
1,45.1,9.2,2026-03-18T10:09:00Z,15.47
1,45.1,9.2,2026-03-18T10:09:10Z,15.0
1,45.1,9.2,2026-03-18T10:09:20Z,15.45
1,45.1,9.2,2026-03-18T10:09:30Z,19.5
1,45.1,9.2,2026-03-18T10:09:40Z,26.13
1,45.1,9.2,2026-03-18T10:09:50Z,13.5
1,45.1,9.2,2026-03-18T10:10:00Z,24.45
1,45.1,9.2,2026-03-18T10:10:10Z,15.8
1,45.1,9.2,2026-03-18T10:10:20Z,23.18
1,45.1,9.2,2026-03-18T10:10:30Z,13.41
1,45.1,9.2,2026-03-18T10:10:40Z,16.48
1,45.1,9.2,2026-03-18T10:10:50Z,23.09
1,45.1,9.2,2026-03-18T10:11:00Z,18.53
1,45.1,9.2,2026-03-18T10:11:10Z,21.48
1,45.1,9.2,2026-03-18T10:11:20Z,22.47
1,45.1,9.2,2026-03-18T10:11:30Z,11.85
1,45.1,9.2,2026-03-18T10:11:40Z,20.85
1,45.1,9.2,2026-03-18T10:11:50Z,13.24
1,45.1,9.2,2026-03-18T10:12:00Z,29.51
1,45.1,9.2,2026-03-18T10:12:10Z,27.45
1,45.1,9.2,2026-03-18T10:12:21Z,29.03
1,45.1,9.2,2026-03-18T10:12:31Z,11.38
1,45.1,9.2,2026-03-18T10:12:41Z,29.08
1,45.1,9.2,2026-03-18T10:12:51Z,16.63
1,45.1,9.2,2026-03-18T10:13:01Z,12.28
1,45.1,9.2,2026-03-18T10:13:11Z,18.78
1,45.1,9.2,2026-03-18T10:13:21Z,25.84
1,45.1,9.2,2026-03-18T10:13:31Z,12.49
1,45.1,9.2,2026-03-18T10:13:41Z,15.91
1,45.1,9.2,2026-03-18T10:13:51Z,15.01
1,45.1,9.2,2026-03-18T10:14:01Z,20.61
1,45.1,9.2,2026-03-18T10:14:11Z,13.76
1,45.1,9.2,2026-03-18T10:14:21Z,21.43
1,45.1,9.2,2026-03-18T10:14:31Z,21.36
1,45.1,9.2,2026-03-18T10:14:41Z,10.05
1,45.1,9.2,2026-03-18T10:14:51Z,12.54
1,45.1,9.2,2026-03-18T10:15:01Z,27.82
1,45.1,9.2,2026-03-18T10:15:11Z,14.52
1,45.1,9.2,2026-03-18T10:15:21Z,17.96
1,45.1,9.2,2026-03-18T10:15:31Z,15.03
1,45.1,9.2,2026-03-18T10:15:41Z,24.95
1,45.1,9.2,2026-03-18T10:15:51Z,28.26
1,45.1,9.2,2026-03-18T10:16:01Z,28.56
1,45.1,9.2,2026-03-18T10:16:11Z,27.51
1,45.1,9.2,2026-03-18T10:16:21Z,24.81
1,45.1,9.2,2026-03-18T10:16:31Z,29.97
1,45.1,9.2,2026-03-18T10:16:41Z,11.73
1,45.1,9.2,2026-03-18T10:16:51Z,20.46
1,45.1,9.2,2026-03-18T10:17:01Z,25.21
1,45.1,9.2,2026-03-18T10:17:11Z,14.9
1,45.1,9.2,2026-03-18T10:17:21Z,13.89
1,45.1,9.2,2026-03-18T10:17:31Z,22.13
1,45.1,9.2,2026-03-18T10:17:41Z,29.54
1,45.1,9.2,2026-03-18T10:17:51Z,25.48
1,45.1,9.2,2026-03-18T10:18:01Z,26.3
1,45.1,9.2,2026-03-18T10:18:11Z,22.89
1,45.1,9.2,2026-03-18T10:18:21Z,22.76
1,45.1,9.2,2026-03-18T10:18:31Z,10.66
1,45.1,9.2,2026-03-18T10:18:41Z,10.89
1,45.1,9.2,2026-03-18T10:18:51Z,29.45
1,45.1,9.2,2026-03-18T10:19:01Z,16.13
1,45.1,9.2,2026-03-18T10:19:11Z,28.82
1,45.1,9.2,2026-03-18T10:19:21Z,13.5
1,45.1,9.2,2026-03-18T10:19:32Z,16.88
1,45.1,9.2,2026-03-18T10:19:42Z,19.97
1,45.1,9.2,2026-03-18T10:19:52Z,19.71
1,45.1,9.2,2026-03-18T10:20:02Z,17.37
1,45.1,9.2,2026-03-18T10:20:12Z,26.07
1,45.1,9.2,2026-03-18T10:20:22Z,27.77
1,45.1,9.2,2026-03-18T10:20:32Z,16.26
1,45.1,9.2,2026-03-18T10:20:42Z,22.8
1,45.1,9.2,2026-03-18T10:20:52Z,11.1
1,45.1,9.2,2026-03-18T10:21:02Z,28.47
1,45.1,9.2,2026-03-18T10:21:12Z,21.63
1,45.1,9.2,2026-03-18T10:21:22Z,16.25
1,45.1,9.2,2026-03-18T10:21:32Z,16.48
1,45.1,9.2,2026-03-18T10:21:42Z,18.72
1,45.1,9.2,2026-03-18T10:21:52Z,29.65
1,45.1,9.2,2026-03-18T10:22:02Z,10.3
1,45.1,9.2,2026-03-18T11:11:20Z,15.52
1,45.1,9.2,2026-03-18T11:11:30Z,17.53
1,45.1,9.2,2026-03-18T11:11:40Z,23.89
1,45.1,9.2,2026-03-18T11:11:50Z,18.91
1,45.1,9.2,2026-03-18T11:12:00Z,18.48
1,45.1,9.2,2026-03-18T11:12:10Z,19.27
1,45.1,9.2,2026-03-18T11:12:20Z,22.28
1,45.1,9.2,2026-03-18T11:12:30Z,15.71
1,45.1,9.2,2026-03-18T11:12:41Z,12.01
1,45.1,9.2,2026-03-18T11:12:51Z,11.78
1,45.1,9.2,2026-03-18T11:13:01Z,11.55
1,45.1,9.2,2026-03-18T11:13:11Z,19.16
1,45.1,9.2,2026-03-18T11:13:21Z,27.87
1,45.1,9.2,2026-03-18T11:13:31Z,11.07
1,45.1,9.2,2026-03-18T11:13:41Z,12.85
1,45.1,9.2,2026-03-18T11:13:51Z,14.71
1,45.1,9.2,2026-03-18T11:14:01Z,29.36
1,45.1,9.2,2026-03-18T11:14:11Z,27.32
1,45.1,9.2,2026-03-18T11:14:21Z,12.23
1,45.1,9.2,2026-03-18T11:14:31Z,14.97
1,45.1,9.2,2026-03-18T11:14:41Z,11.82
1,45.1,9.2,2026-03-18T11:14:51Z,20.61
1,45.1,9.2,2026-03-18T11:15:01Z,15.09
1,45.1,9.2,2026-03-18T11:15:11Z,28.1
1,45.1,9.2,2026-03-18T11:15:21Z,17.35
1,45.1,9.2,2026-03-18T11:15:31Z,26.6
1,45.1,9.2,2026-03-18T11:15:41Z,11.71
1,45.1,9.2,2026-03-18T11:15:51Z,23.92
1,45.1,9.2,2026-03-18T11:16:01Z,11.46
1,45.1,9.2,2026-03-18T11:16:11Z,29.43
1,45.1,9.2,2026-03-18T11:16:21Z,11.22
1,45.1,9.2,2026-03-18T11:16:31Z,23.92
1,45.1,9.2,2026-03-18T11:16:41Z,27.9
1,45.1,9.2,2026-03-18T11:16:52Z,26.19
1,45.1,9.2,2026-03-18T11:17:02Z,17.16
1,45.1,9.2,2026-03-18T11:17:12Z,13.67
1,45.1,9.2,2026-03-18T11:17:22Z,11.23
1,45.1,9.2,2026-03-18T11:17:32Z,24.38
1,45.1,9.2,2026-03-18T11:17:42Z,22.86
1,45.1,9.2,2026-03-18T11:17:52Z,18.97
1,45.1,9.2,2026-03-18T11:18:02Z,25.26
1,45.1,9.2,2026-03-18T11:18:12Z,20.83
1,45.1,9.2,2026-03-18T11:18:22Z,11.43
1,45.1,9.2,2026-03-18T11:18:32Z,18.88
1,45.1,9.2,2026-03-18T11:18:42Z,26.27
1,45.1,9.2,2026-03-18T11:18:52Z,16.11
1,45.1,9.2,2026-03-18T11:19:02Z,16.77
1,45.1,9.2,2026-03-18T11:19:12Z,18.61
1,45.1,9.2,2026-03-18T11:19:22Z,19.81
1,45.1,9.2,2026-03-18T11:19:32Z,22.66
1,45.1,9.2,2026-03-18T11:19:42Z,13.26
1,45.1,9.2,2026-03-18T11:19:52Z,23.0
1,45.1,9.2,2026-03-18T11:20:02Z,16.31
1,45.1,9.2,2026-03-18T11:20:12Z,28.72
1,45.1,9.2,2026-03-18T11:20:22Z,12.96
1,45.1,9.2,2026-03-18T11:20:32Z,19.79
1,45.1,9.2,2026-03-18T11:20:42Z,22.54
1,45.1,9.2,2026-03-18T11:20:52Z,22.53
1,45.1,9.2,2026-03-18T11:21:02Z,20.65
1,45.1,9.2,2026-03-18T11:21:12Z,20.15
1,45.1,9.2,2026-03-18T11:21:23Z,18.37
1,45.1,9.2,2026-03-18T11:21:33Z,11.94
1,45.1,9.2,2026-03-18T11:21:43Z,11.12
1,45.1,9.2,2026-03-18T11:21:53Z,21.67
1,45.1,9.2,2026-03-18T11:22:03Z,19.51
1,45.1,9.2,2026-03-18T11:22:13Z,22.77
1,45.1,9.2,2026-03-18T11:22:23Z,23.13
1,45.1,9.2,2026-03-18T11:22:33Z,24.47
1,45.1,9.2,2026-03-18T11:22:43Z,17.39
1,45.1,9.2,2026-03-18T11:22:53Z,28.97
1,45.1,9.2,2026-03-18T11:23:03Z,12.6
1,45.1,9.2,2026-03-18T11:23:13Z,10.6
1,45.1,9.2,2026-03-18T11:23:23Z,17.7
1,45.1,9.2,2026-03-18T11:23:33Z,13.7
1,45.1,9.2,2026-03-18T11:23:43Z,10.38
1,45.1,9.2,2026-03-18T11:23:53Z,11.82
1,45.1,9.2,2026-03-18T11:24:03Z,25.57
1,45.1,9.2,2026-03-18T11:24:13Z,14.34
1,45.1,9.2,2026-03-18T11:24:23Z,24.5
1,45.1,9.2,2026-03-18T11:24:33Z,16.61
1,45.1,9.2,2026-03-18T11:24:43Z,16.06
1,45.1,9.2,2026-03-18T11:24:53Z,19.4
1,45.1,9.2,2026-03-18T11:25:03Z,13.35
1,45.1,9.2,2026-03-18T11:25:13Z,11.96
1,45.1,9.2,2026-03-18T11:25:23Z,13.67
1,45.1,9.2,2026-03-18T11:25:33Z,25.71
1,45.1,9.2,2026-03-18T11:25:43Z,13.93
1,45.1,9.2,2026-03-18T11:25:54Z,29.35
1,45.1,9.2,2026-03-18T11:26:04Z,23.85
1,45.1,9.2,2026-03-18T11:26:14Z,20.12
1,45.1,9.2,2026-03-18T11:26:24Z,29.36
1,45.1,9.2,2026-03-18T11:26:34Z,18.37
1,45.1,9.2,2026-03-18T11:26:44Z,23.22
1,45.1,9.2,2026-03-18T11:26:54Z,22.29
1,45.1,9.2,2026-03-18T11:27:04Z,24.38
1,45.1,9.2,2026-03-18T11:27:14Z,27.93
1,45.1,9.2,2026-03-18T11:27:24Z,20.9
1,45.1,9.2,2026-03-18T11:27:34Z,18.54
1,45.1,9.2,2026-03-18T11:27:44Z,25.16
1,45.1,9.2,2026-03-18T11:27:54Z,21.9
1,45.1,9.2,2026-03-18T11:28:04Z,19.94
1,45.1,9.2,2026-03-18T11:28:14Z,29.66
1,45.1,9.2,2026-03-18T11:28:24Z,22.87
1,45.1,9.2,2026-03-18T11:28:34Z,13.79
1,45.1,9.2,2026-03-18T11:28:45Z,25.2
1,45.1,9.2,2026-03-18T11:28:55Z,25.65
1,45.1,9.2,2026-03-18T11:29:05Z,26.76
1,45.1,9.2,2026-03-18T11:29:15Z,20.62
1,45.1,9.2,2026-03-18T11:29:25Z,27.23
1,45.1,9.2,2026-03-18T11:29:35Z,11.95
1,45.1,9.2,2026-03-18T11:29:45Z,10.59
1,45.1,9.2,2026-03-18T11:29:55Z,23.61
1,45.1,9.2,2026-03-18T11:30:05Z,10.62
1,45.1,9.2,2026-03-18T11:30:15Z,17.4
1,45.1,9.2,2026-03-18T11:30:25Z,22.38
1,45.1,9.2,2026-03-18T11:30:35Z,19.0
1,45.1,9.2,2026-03-18T11:30:45Z,21.5
1,45.1,9.2,2026-03-18T11:30:55Z,29.16
1,45.1,9.2,2026-03-18T11:31:05Z,22.72
1,45.1,9.2,2026-03-18T11:31:15Z,15.25
1,45.1,9.2,2026-03-18T11:31:25Z,14.36
1,45.1,9.2,2026-03-18T11:31:36Z,29.02
1,45.1,9.2,2026-03-18T11:31:46Z,14.02
1,45.1,9.2,2026-03-18T11:31:56Z,11.24
1,45.1,9.2,2026-03-18T11:32:06Z,29.21
1,45.1,9.2,2026-03-18T11:32:16Z,14.29
1,45.1,9.2,2026-03-18T11:32:26Z,18.96
1,45.1,9.2,2026-03-18T11:32:36Z,17.09
1,45.1,9.2,2026-03-18T11:32:46Z,22.19
1,45.1,9.2,2026-03-18T11:32:56Z,20.83
1,45.1,9.2,2026-03-18T11:33:06Z,27.96
1,45.1,9.2,2026-03-18T11:33:16Z,23.13
1,45.1,9.2,2026-03-18T11:33:26Z,15.96
1,45.1,9.2,2026-03-18T11:33:36Z,18.19
1,45.1,9.2,2026-03-18T11:33:46Z,12.46
1,45.1,9.2,2026-03-18T11:33:56Z,18.45
1,45.1,9.2,2026-03-18T11:34:06Z,26.34
1,45.1,9.2,2026-03-18T11:34:16Z,25.52
1,45.1,9.2,2026-03-18T11:34:26Z,13.03
1,45.1,9.2,2026-03-18T11:34:36Z,15.79
1,45.1,9.2,2026-03-18T11:34:46Z,15.25
1,45.1,9.2,2026-03-18T11:34:56Z,10.74
1,45.1,9.2,2026-03-18T11:35:06Z,24.8
1,45.1,9.2,2026-03-18T11:35:17Z,29.92
1,45.1,9.2,2026-03-18T11:35:27Z,21.38
1,45.1,9.2,2026-03-18T11:35:37Z,13.12
1,45.1,9.2,2026-03-18T11:35:47Z,16.7
1,45.1,9.2,2026-03-18T11:35:57Z,29.6
1,45.1,9.2,2026-03-18T11:36:07Z,29.04
1,45.1,9.2,2026-03-18T11:36:17Z,19.0
1,45.1,9.2,2026-03-18T11:36:27Z,18.2
1,45.1,9.2,2026-03-18T11:36:37Z,28.69
1,45.1,9.2,2026-03-18T11:36:47Z,14.77
1,45.1,9.2,2026-03-18T11:36:57Z,15.82
1,45.1,9.2,2026-03-18T11:37:07Z,17.0
1,45.1,9.2,2026-03-18T11:37:17Z,17.5
1,45.1,9.2,2026-03-18T11:37:27Z,22.67
1,45.1,9.2,2026-03-18T11:37:37Z,21.25
1,45.1,9.2,2026-03-18T11:37:47Z,20.25
1,45.1,9.2,2026-03-18T11:37:57Z,23.95
1,45.1,9.2,2026-03-18T11:38:07Z,23.52
1,45.1,9.2,2026-03-18T11:38:18Z,16.25
1,45.1,9.2,2026-03-18T11:38:29Z,21.49
1,45.1,9.2,2026-03-18T11:38:39Z,27.58
1,45.1,9.2,2026-03-18T11:38:49Z,21.31
1,45.1,9.2,2026-03-18T11:38:59Z,17.75
1,45.1,9.2,2026-03-18T11:39:09Z,11.49
1,45.1,9.2,2026-03-18T11:40:58Z,14.2
1,45.1,9.2,2026-03-18T11:41:08Z,18.61
1,45.1,9.2,2026-03-18T11:41:18Z,11.17
1,45.1,9.2,2026-03-18T11:41:29Z,19.69
1,45.1,9.2,2026-03-18T11:41:39Z,27.45
1,45.1,9.2,2026-03-18T11:41:49Z,20.26
1,45.1,9.2,2026-03-18T11:41:59Z,11.33
1,45.1,9.2,2026-03-18T11:42:09Z,23.38
1,45.1,9.2,2026-03-18T11:42:19Z,26.65
1,45.1,9.2,2026-03-18T11:42:29Z,11.06
1,45.1,9.2,2026-03-18T11:42:39Z,16.19
1,45.1,9.2,2026-03-18T11:42:49Z,24.86
1,45.1,9.2,2026-03-18T11:42:59Z,10.9
1,45.1,9.2,2026-03-18T11:43:09Z,23.12
1,45.1,9.2,2026-03-18T11:43:19Z,19.32
1,45.1,9.2,2026-03-18T11:43:29Z,24.65
1,45.1,9.2,2026-03-18T11:43:39Z,16.73
1,45.1,9.2,2026-03-18T11:43:49Z,14.39
1,45.1,9.2,2026-03-18T11:43:59Z,13.73
1,45.1,9.2,2026-03-18T11:44:09Z,27.63
1,45.1,9.2,2026-03-18T11:44:19Z,10.42
1,45.1,9.2,2026-03-18T11:44:29Z,22.64
1,45.1,9.2,2026-03-18T11:44:39Z,13.15
1,45.1,9.2,2026-03-18T11:44:50Z,16.46
1,45.1,9.2,2026-03-18T11:45:00Z,16.36
1,45.1,9.2,2026-03-18T11:45:10Z,23.68
1,45.1,9.2,2026-03-18T11:45:20Z,16.91
1,45.1,9.2,2026-03-18T11:45:30Z,26.69
1,45.1,9.2,2026-03-18T11:45:40Z,29.09
1,45.1,9.2,2026-03-18T11:45:50Z,10.35
1,45.1,9.2,2026-03-18T11:46:00Z,14.49
1,45.1,9.2,2026-03-18T11:46:10Z,14.99
1,45.1,9.2,2026-03-18T11:46:20Z,10.55
1,45.1,9.2,2026-03-18T11:46:30Z,27.62
1,45.1,9.2,2026-03-18T11:46:40Z,29.05
1,45.1,9.2,2026-03-18T11:46:50Z,28.29
1,45.1,9.2,2026-03-18T11:47:00Z,11.36
1,45.1,9.2,2026-03-18T11:47:10Z,11.63
1,45.1,9.2,2026-03-18T11:47:20Z,17.8
1,45.1,9.2,2026-03-18T11:47:30Z,10.47
1,45.1,9.2,2026-03-18T11:47:40Z,13.3
1,45.1,9.2,2026-03-18T11:47:50Z,25.24
1,45.1,9.2,2026-03-18T11:48:00Z,10.53
1,45.1,9.2,2026-03-18T11:48:10Z,12.24
1,45.1,9.2,2026-03-18T11:48:20Z,16.05
1,45.1,9.2,2026-03-18T11:48:30Z,22.04
1,45.1,9.2,2026-03-18T11:48:40Z,21.32
1,45.1,9.2,2026-03-18T11:48:51Z,10.27
1,45.1,9.2,2026-03-18T11:49:01Z,14.63
1,45.1,9.2,2026-03-18T11:49:11Z,28.57
1,45.1,9.2,2026-03-18T11:49:21Z,19.6
1,45.1,9.2,2026-03-18T11:49:31Z,19.57
1,45.1,9.2,2026-03-18T11:49:41Z,11.54
1,45.1,9.2,2026-03-18T11:49:51Z,12.28
1,45.1,9.2,2026-03-18T11:50:01Z,24.26
1,45.1,9.2,2026-03-18T11:50:11Z,14.01
1,45.1,9.2,2026-03-18T11:50:21Z,13.06
1,45.1,9.2,2026-03-18T11:50:31Z,29.79
1,45.1,9.2,2026-03-18T11:50:41Z,26.84
1,45.1,9.2,2026-03-18T11:50:51Z,24.63
1,45.1,9.2,2026-03-18T11:51:01Z,23.14
1,45.1,9.2,2026-03-18T11:51:11Z,20.53
1,45.1,9.2,2026-03-18T11:51:21Z,21.03
1,45.1,9.2,2026-03-18T11:51:31Z,15.63
1,45.1,9.2,2026-03-18T11:51:41Z,10.12
1,45.1,9.2,2026-03-18T11:51:51Z,17.61
1,45.1,9.2,2026-03-18T11:52:01Z,17.5
1,45.1,9.2,2026-03-18T11:52:11Z,16.55
1,45.1,9.2,2026-03-18T11:52:21Z,17.87
1,45.1,9.2,2026-03-18T11:52:31Z,27.34
1,45.1,9.2,2026-03-18T11:52:41Z,27.87
1,45.1,9.2,2026-03-18T11:52:51Z,25.61
1,45.1,9.2,2026-03-18T11:53:01Z,29.53
1,45.1,9.2,2026-03-18T11:53:11Z,20.71
1,45.1,9.2,2026-03-18T11:53:21Z,28.21
1,45.1,9.2,2026-03-18T11:53:32Z,23.16
1,45.1,9.2,2026-03-18T11:53:42Z,10.0
1,45.1,9.2,2026-03-18T11:53:52Z,27.17
1,45.1,9.2,2026-03-18T11:54:02Z,15.42
1,45.1,9.2,2026-03-18T11:54:12Z,21.61
1,45.1,9.2,2026-03-18T11:54:22Z,12.35
1,45.1,9.2,2026-03-18T12:00:00Z,22.5
1,45.1,9.2,2026-03-18T12:00:00Z,22.5
1,45.1,9.2,2026-03-18T12:56:03Z,29.88
1,45.1,9.2,2026-03-18T12:56:13Z,10.03
1,45.1,9.2,2026-03-18T12:56:23Z,22.2
1,45.1,9.2,2026-03-18T12:56:33Z,22.45
1,45.1,9.2,2026-03-18T12:56:43Z,20.67
1,45.1,9.2,2026-03-18T12:56:53Z,20.28
1,45.1,9.2,2026-03-18T12:57:03Z,29.89
1,45.1,9.2,2026-03-18T12:57:13Z,25.07
1,45.1,9.2,2026-03-18T12:57:23Z,29.98
1,45.1,9.2,2026-03-18T12:57:34Z,16.66
1,45.1,9.2,2026-03-18T12:57:44Z,26.21
1,45.1,9.2,2026-03-18T12:57:54Z,14.88
1,45.1,9.2,2026-03-18T12:58:04Z,12.91
1,45.1,9.2,2026-03-18T12:58:14Z,24.18
1,45.1,9.2,2026-03-18T12:58:24Z,13.67
1,45.1,9.2,2026-03-18T12:58:34Z,19.79
1,45.1,9.2,2026-03-18T12:58:44Z,23.63
1,45.1,9.2,2026-03-18T12:58:54Z,11.82
1,45.1,9.2,2026-03-18T12:59:04Z,25.27
1,45.1,9.2,2026-03-18T12:59:14Z,24.96
1,45.1,9.2,2026-03-18T12:59:24Z,22.16
1,45.1,9.2,2026-03-18T12:59:34Z,13.35
1,45.1,9.2,2026-03-18T12:59:44Z,11.77
1,45.1,9.2,2026-03-18T12:59:54Z,10.4
1,45.1,9.2,2026-03-18T13:00:04Z,20.24
1,45.1,9.2,2026-03-18T13:00:14Z,15.57
1,45.1,9.2,2026-03-18T13:00:24Z,20.38
1,45.1,9.2,2026-03-18T13:00:34Z,25.02
1,45.1,9.2,2026-03-18T13:00:44Z,25.81
1,45.1,9.2,2026-03-18T13:00:54Z,15.71
1,45.1,9.2,2026-03-18T13:01:04Z,29.47
1,45.1,9.2,2026-03-18T13:01:14Z,11.37
1,45.1,9.2,2026-03-18T13:01:24Z,22.36
1,45.1,9.2,2026-03-18T13:01:35Z,13.03
1,45.1,9.2,2026-03-18T13:01:45Z,11.19
1,45.1,9.2,2026-03-18T13:01:55Z,17.48
1,45.1,9.2,2026-03-18T13:02:05Z,19.68
1,45.1,9.2,2026-03-18T13:02:15Z,12.14
1,45.1,9.2,2026-03-18T13:02:25Z,17.32
1,45.1,9.2,2026-03-18T13:02:35Z,19.64
1,45.1,9.2,2026-03-18T13:02:45Z,17.49
1,45.1,9.2,2026-03-18T13:02:55Z,29.61
1,45.1,9.2,2026-03-18T13:03:05Z,10.03
1,45.1,9.2,2026-03-18T13:03:15Z,25.83
1,45.1,9.2,2026-03-18T13:03:25Z,29.51
1,45.1,9.2,2026-03-18T13:03:36Z,19.82
1,45.1,9.2,2026-03-18T13:03:46Z,16.59
1,45.1,9.2,2026-03-18T13:03:56Z,18.69
1,45.1,9.2,2026-03-18T13:04:06Z,14.15
1,45.1,9.2,2026-03-18T13:04:16Z,11.65
1,45.1,9.2,2026-03-18T13:04:26Z,20.07
1,45.1,9.2,2026-03-18T13:04:36Z,24.31
1,45.1,9.2,2026-03-18T13:04:46Z,13.46
1,45.1,9.2,2026-03-18T13:04:56Z,11.63
1,45.1,9.2,2026-03-18T13:05:06Z,17.44
1,45.1,9.2,2026-03-18T13:05:16Z,14.74
1,45.1,9.2,2026-03-18T13:05:26Z,10.3
1,45.1,9.2,2026-03-18T13:05:36Z,14.7
1,45.1,9.2,2026-03-18T13:05:46Z,29.24
1,45.1,9.2,2026-03-18T13:05:56Z,26.7
1,45.1,9.2,2026-03-18T13:06:06Z,11.69
1,45.1,9.2,2026-03-18T13:06:16Z,15.59
1,45.1,9.2,2026-03-18T13:06:26Z,17.53
1,45.1,9.2,2026-03-18T13:06:37Z,27.09
1,45.1,9.2,2026-03-18T13:06:48Z,19.38
1,45.1,9.2,2026-03-18T13:06:58Z,23.22
1,45.1,9.2,2026-03-18T13:07:08Z,14.64
1,45.1,9.2,2026-03-18T13:07:18Z,23.19
1,45.1,9.2,2026-03-18T13:07:28Z,14.07
1,45.1,9.2,2026-03-18T13:07:38Z,17.79
1,45.1,9.2,2026-03-18T13:07:48Z,17.3
1,45.1,9.2,2026-03-18T13:07:58Z,16.9
1,45.1,9.2,2026-03-18T13:08:08Z,22.48
1,45.1,9.2,2026-03-18T13:08:18Z,13.13
1,45.1,9.2,2026-03-18T13:08:28Z,25.49
1,45.1,9.2,2026-03-18T13:08:38Z,24.35
1,45.1,9.2,2026-03-18T13:08:48Z,26.5
1,45.1,9.2,2026-03-18T13:08:58Z,24.84
1,45.1,9.2,2026-03-18T13:09:08Z,22.64
1,45.1,9.2,2026-03-18T13:09:18Z,15.79
1,45.1,9.2,2026-03-18T13:09:28Z,16.03
1,45.1,9.2,2026-03-18T13:09:38Z,13.55
1,45.1,9.2,2026-03-18T13:09:48Z,14.6
1,45.1,9.2,2026-03-18T13:09:58Z,18.88
1,45.1,9.2,2026-03-18T13:10:08Z,26.94
1,45.1,9.2,2026-03-18T13:10:18Z,13.7
1,45.1,9.2,2026-03-18T13:10:28Z,19.45
1,45.1,9.2,2026-03-18T13:10:39Z,25.27
1,45.1,9.2,2026-03-18T13:10:49Z,22.36
1,45.1,9.2,2026-03-18T13:10:59Z,11.73
1,45.1,9.2,2026-03-18T13:11:09Z,11.35
1,45.1,9.2,2026-03-18T13:11:19Z,15.01
1,45.1,9.2,2026-03-18T13:11:29Z,28.0
1,45.1,9.2,2026-03-18T13:11:39Z,17.99
1,45.1,9.2,2026-03-18T13:11:49Z,17.3
1,45.1,9.2,2026-03-18T13:11:59Z,20.66
1,45.1,9.2,2026-03-18T13:12:09Z,14.45
1,45.1,9.2,2026-03-18T13:12:19Z,18.76
1,45.1,9.2,2026-03-18T13:12:29Z,12.9
1,45.1,9.2,2026-03-18T13:12:39Z,11.24
1,45.1,9.2,2026-03-18T13:12:49Z,18.01
1,45.1,9.2,2026-03-18T13:12:59Z,17.82
1,45.1,9.2,2026-03-18T13:13:09Z,21.16
1,45.1,9.2,2026-03-18T13:13:19Z,25.97
1,45.1,9.2,2026-03-18T13:13:29Z,20.0
1,45.1,9.2,2026-03-18T13:13:39Z,23.79
1,45.1,9.2,2026-03-18T13:13:49Z,19.44
1,45.1,9.2,2026-03-18T13:13:59Z,12.33
1,45.1,9.2,2026-03-18T13:14:09Z,15.23
1,45.1,9.2,2026-03-18T13:14:19Z,19.08
1,45.1,9.2,2026-03-18T13:14:29Z,10.96
1,45.1,9.2,2026-03-18T13:14:39Z,17.19
1,45.1,9.2,2026-03-18T13:14:49Z,25.04
1,45.1,9.2,2026-03-18T13:14:59Z,18.63
1,45.1,9.2,2026-03-18T13:15:09Z,23.68
1,45.1,9.2,2026-03-18T13:15:19Z,11.1
1,45.1,9.2,2026-03-18T13:15:29Z,13.23
1,45.1,9.2,2026-03-18T13:15:39Z,19.9
1,45.1,9.2,2026-03-18T13:15:49Z,12.09
1,45.1,9.2,2026-03-18T13:15:59Z,29.12
1,45.1,9.2,2026-03-18T13:16:09Z,11.38
1,45.1,9.2,2026-03-18T13:16:19Z,19.28
1,45.1,9.2,2026-03-18T13:16:29Z,19.06
1,45.1,9.2,2026-03-18T13:16:39Z,12.61
1,45.1,9.2,2026-03-18T13:16:49Z,22.4
1,45.1,9.2,2026-03-18T13:16:59Z,20.74
1,45.1,9.2,2026-03-18T13:17:09Z,29.93
1,45.1,9.2,2026-03-18T13:17:19Z,20.83
1,45.1,9.2,2026-03-18T13:17:29Z,24.08
1,45.1,9.2,2026-03-18T13:17:39Z,21.98
1,45.1,9.2,2026-03-18T13:17:49Z,20.28
1,45.1,9.2,2026-03-18T13:17:59Z,18.65
1,45.1,9.2,2026-03-18T13:18:09Z,18.51
1,45.1,9.2,2026-03-18T13:18:19Z,29.98
1,45.1,9.2,2026-03-18T13:18:30Z,28.12
1,45.1,9.2,2026-03-18T13:18:40Z,11.99
1,45.1,9.2,2026-03-18T13:18:50Z,17.8
1,45.1,9.2,2026-03-18T13:19:00Z,10.99
1,45.1,9.2,2026-03-18T13:19:10Z,22.19
1,45.1,9.2,2026-03-18T13:19:20Z,23.74
1,45.1,9.2,2026-03-18T13:19:30Z,23.38
1,45.1,9.2,2026-03-18T13:19:40Z,27.95
1,45.1,9.2,2026-03-18T13:19:50Z,13.11
1,45.1,9.2,2026-03-18T13:20:00Z,26.65
1,45.1,9.2,2026-03-18T13:20:10Z,29.07
1,45.1,9.2,2026-03-18T13:20:20Z,29.98
1,45.1,9.2,2026-03-18T13:20:30Z,22.11
1,45.1,9.2,2026-03-18T13:20:40Z,26.01
1,45.1,9.2,2026-03-18T13:20:50Z,13.4
1,45.1,9.2,2026-03-18T13:21:00Z,19.69
1,45.1,9.2,2026-03-18T13:21:10Z,28.41
1,45.1,9.2,2026-03-18T13:21:20Z,26.2
1,45.1,9.2,2026-03-18T13:21:30Z,13.63
1,45.1,9.2,2026-03-18T13:21:40Z,20.17
1,45.1,9.2,2026-03-18T13:21:50Z,20.21
1,45.1,9.2,2026-03-18T13:22:00Z,19.63
1,45.1,9.2,2026-03-18T13:22:10Z,21.92
1,45.1,9.2,2026-03-18T13:22:20Z,24.19
1,45.1,9.2,2026-03-18T13:22:30Z,11.24
1,45.1,9.2,2026-03-18T13:22:40Z,17.74
1,45.1,9.2,2026-03-18T13:22:50Z,15.38
1,45.1,9.2,2026-03-18T13:23:00Z,25.16
1,45.1,9.2,2026-03-18T13:23:10Z,20.02
1,45.1,9.2,2026-03-18T13:23:20Z,16.94
1,45.1,9.2,2026-03-18T13:23:30Z,17.53
1,45.1,9.2,2026-03-18T13:23:40Z,27.25
1,45.1,9.2,2026-03-18T13:23:50Z,16.04
1,45.1,9.2,2026-03-18T13:24:00Z,15.03
1,45.1,9.2,2026-03-18T13:24:10Z,19.7
1,45.1,9.2,2026-03-18T13:24:20Z,27.75
1,45.1,9.2,2026-03-18T13:24:30Z,10.57
1,45.1,9.2,2026-03-18T13:24:40Z,21.05
1,45.1,9.2,2026-03-18T13:24:50Z,28.34
1,45.1,9.2,2026-03-18T13:25:00Z,29.52
1,45.1,9.2,2026-03-18T13:25:10Z,14.08
1,45.1,9.2,2026-03-18T13:25:20Z,18.36
1,45.1,9.2,2026-03-18T13:25:30Z,13.16
1,45.1,9.2,2026-03-18T13:25:40Z,27.88
1,45.1,9.2,2026-03-18T13:25:50Z,13.62
1,45.1,9.2,2026-03-18T13:26:01Z,19.2
1,45.1,9.2,2026-03-18T13:26:11Z,29.85
1,45.1,9.2,2026-03-18T13:26:21Z,18.52
1,45.1,9.2,2026-03-18T13:26:31Z,11.98
1,45.1,9.2,2026-03-18T13:26:41Z,25.54
1,45.1,9.2,2026-03-18T13:26:51Z,26.87
1,45.1,9.2,2026-03-18T13:27:01Z,14.63
1,45.1,9.2,2026-03-18T13:27:11Z,15.06
1,45.1,9.2,2026-03-18T13:27:21Z,27.01
1,45.1,9.2,2026-03-18T13:27:31Z,16.84
1,45.1,9.2,2026-03-18T13:27:41Z,26.1
1,45.1,9.2,2026-03-18T13:27:51Z,10.77
1,45.1,9.2,2026-03-18T13:28:01Z,20.87
1,45.1,9.2,2026-03-18T13:28:11Z,18.03
1,45.1,9.2,2026-03-18T13:28:21Z,23.62
1,45.1,9.2,2026-03-18T13:28:31Z,16.25
1,45.1,9.2,2026-03-18T13:28:41Z,12.19
1,45.1,9.2,2026-03-18T13:28:51Z,20.27
1,45.1,9.2,2026-03-18T13:29:01Z,10.68
1,45.1,9.2,2026-03-18T13:29:11Z,16.04
1,45.1,9.2,2026-03-18T13:29:21Z,28.22
1,45.1,9.2,2026-03-18T13:29:31Z,14.13
1,45.1,9.2,2026-03-18T13:29:41Z,11.54
1,45.1,9.2,2026-03-18T13:29:51Z,18.05
1,45.1,9.2,2026-03-18T13:30:01Z,29.81
1,45.1,9.2,2026-03-18T13:30:11Z,12.28
1,45.1,9.2,2026-03-18T13:30:21Z,13.04
1,45.1,9.2,2026-03-18T13:30:31Z,19.23
1,45.1,9.2,2026-03-18T13:30:41Z,22.76
1,45.1,9.2,2026-03-18T13:30:52Z,19.48
1,45.1,9.2,2026-03-18T13:31:02Z,19.91
1,45.1,9.2,2026-03-18T13:31:12Z,23.79
1,45.1,9.2,2026-03-18T13:31:22Z,27.31
1,45.1,9.2,2026-03-18T13:31:32Z,10.99
1,45.1,9.2,2026-03-18T13:31:42Z,25.34
1,45.1,9.2,2026-03-18T13:31:52Z,21.28
1,45.1,9.2,2026-03-18T13:32:02Z,28.66
1,45.1,9.2,2026-03-18T13:32:12Z,28.96
1,45.1,9.2,2026-03-18T13:32:22Z,25.27
1,45.1,9.2,2026-03-18T13:32:32Z,21.74
1,45.1,9.2,2026-03-18T13:32:42Z,11.65
1,45.1,9.2,2026-03-18T13:32:52Z,14.36
1,45.1,9.2,2026-03-18T13:33:02Z,11.44
1,45.1,9.2,2026-03-18T13:33:12Z,20.33
1,45.1,9.2,2026-03-18T13:33:22Z,15.55
1,45.1,9.2,2026-03-18T13:34:16Z,29.34
1,45.1,9.2,2026-03-18T13:34:26Z,25.71
1,45.1,9.2,2026-03-18T13:34:36Z,17.66
1,45.1,9.2,2026-03-18T13:34:46Z,23.96
1,45.1,9.2,2026-03-18T13:34:56Z,27.06
1,45.1,9.2,2026-03-18T13:35:06Z,22.89
1,45.1,9.2,2026-03-18T13:35:16Z,20.93
1,45.1,9.2,2026-03-18T13:35:27Z,21.12
1,45.1,9.2,2026-03-18T13:35:37Z,15.72
1,45.1,9.2,2026-03-18T13:35:47Z,24.99
1,45.1,9.2,2026-03-18T13:35:57Z,15.56
1,45.1,9.2,2026-03-18T13:36:07Z,17.92
1,45.1,9.2,2026-03-18T13:36:17Z,23.74
1,45.1,9.2,2026-03-18T13:36:27Z,14.49
1,45.1,9.2,2026-03-18T13:36:37Z,25.6
1,45.1,9.2,2026-03-18T13:36:47Z,26.17
1,45.1,9.2,2026-03-18T13:36:57Z,14.14
1,45.1,9.2,2026-03-18T13:37:07Z,29.52
1,45.1,9.2,2026-03-18T13:37:18Z,29.21
1,45.1,9.2,2026-03-18T13:37:28Z,27.72
1,45.1,9.2,2026-03-18T13:37:38Z,29.1
1,45.1,9.2,2026-03-18T13:37:48Z,14.61
1,45.1,9.2,2026-03-18T13:37:58Z,16.43
1,45.1,9.2,2026-03-18T13:38:08Z,11.32
1,45.1,9.2,2026-03-18T13:38:18Z,11.29
1,45.1,9.2,2026-03-18T13:38:28Z,26.63
1,45.1,9.2,2026-03-18T13:38:38Z,25.76
1,45.1,9.2,2026-03-18T13:38:48Z,29.24
1,45.1,9.2,2026-03-18T13:38:58Z,24.75
1,45.1,9.2,2026-03-18T13:39:08Z,22.27
1,45.1,9.2,2026-03-18T13:39:18Z,12.12
1,45.1,9.2,2026-03-18T13:39:28Z,10.04
1,45.1,9.2,2026-03-18T13:39:38Z,28.9
1,45.1,9.2,2026-03-18T13:39:48Z,26.49
1,45.1,9.2,2026-03-18T13:39:58Z,17.9
1,45.1,9.2,2026-03-18T13:40:08Z,21.14
1,45.1,9.2,2026-03-18T13:40:18Z,13.87
1,45.1,9.2,2026-03-18T13:40:28Z,15.15
1,45.1,9.2,2026-03-18T13:40:38Z,19.82
1,45.1,9.2,2026-03-18T13:40:48Z,10.7
1,45.1,9.2,2026-03-18T13:40:58Z,16.21
1,45.1,9.2,2026-03-18T13:41:08Z,20.63
1,45.1,9.2,2026-03-18T13:41:18Z,14.47
1,45.1,9.2,2026-03-18T13:41:28Z,23.42
1,45.1,9.2,2026-03-18T13:41:38Z,13.53
1,45.1,9.2,2026-03-18T13:41:48Z,12.88
1,45.1,9.2,2026-03-18T13:41:58Z,10.11
1,45.1,9.2,2026-03-18T13:42:08Z,27.9
1,45.1,9.2,2026-03-18T13:42:18Z,20.81
1,45.1,9.2,2026-03-18T13:42:28Z,25.81
1,45.1,9.2,2026-03-18T13:42:38Z,25.71
1,45.1,9.2,2026-03-18T13:42:48Z,26.03
1,45.1,9.2,2026-03-18T13:42:58Z,20.98
1,45.1,9.2,2026-03-18T13:43:08Z,12.54
1,45.1,9.2,2026-03-18T13:43:18Z,17.76
1,45.1,9.2,2026-03-18T13:43:28Z,19.35
1,45.1,9.2,2026-03-18T13:43:38Z,10.94
1,45.1,9.2,2026-03-18T13:43:48Z,23.42
1,45.1,9.2,2026-03-18T13:43:58Z,24.11
1,45.1,9.2,2026-03-18T13:44:08Z,22.0
1,45.1,9.2,2026-03-18T13:44:18Z,29.78
1,45.1,9.2,2026-03-18T13:44:28Z,28.14
1,45.1,9.2,2026-03-18T13:44:38Z,28.26
1,45.1,9.2,2026-03-18T13:44:48Z,17.93
1,45.1,9.2,2026-03-18T13:44:58Z,20.56
1,45.1,9.2,2026-03-18T13:45:09Z,12.74
1,45.1,9.2,2026-03-18T13:45:19Z,29.05
1,45.1,9.2,2026-03-18T13:45:29Z,21.68
1,45.1,9.2,2026-03-18T13:45:39Z,18.06
1,45.1,9.2,2026-03-18T13:45:49Z,15.7
1,45.1,9.2,2026-03-18T13:45:59Z,24.88
1,45.1,9.2,2026-03-18T13:46:09Z,25.82
1,45.1,9.2,2026-03-18T13:46:19Z,19.03
1,45.1,9.2,2026-03-18T13:46:29Z,28.3
1,45.1,9.2,2026-03-18T13:46:39Z,18.82
1,45.1,9.2,2026-03-18T13:46:49Z,26.54
1,45.1,9.2,2026-03-18T13:46:59Z,27.44
1,45.1,9.2,2026-03-18T13:47:09Z,18.54
1,45.1,9.2,2026-03-18T13:47:19Z,20.93
1,45.1,9.2,2026-03-18T13:47:29Z,25.67
1,45.1,9.2,2026-03-18T13:47:39Z,28.97
1,45.1,9.2,2026-03-18T13:47:49Z,13.82
1,45.1,9.2,2026-03-18T13:47:59Z,15.39
1,45.1,9.2,2026-03-18T13:48:09Z,29.7
1,45.1,9.2,2026-03-18T13:48:19Z,28.51
1,45.1,9.2,2026-03-18T13:48:29Z,20.18
1,45.1,9.2,2026-03-18T13:48:39Z,11.51
1,45.1,9.2,2026-03-18T13:48:49Z,29.15
1,45.1,9.2,2026-03-18T13:48:59Z,18.02
1,45.1,9.2,2026-03-18T13:49:09Z,25.5
1,45.1,9.2,2026-03-18T13:49:19Z,10.53
1,45.1,9.2,2026-03-18T13:49:29Z,16.84
1,45.1,9.2,2026-03-18T13:49:39Z,23.77
1,45.1,9.2,2026-03-18T13:49:49Z,28.95
1,45.1,9.2,2026-03-18T13:49:59Z,18.86
1,45.1,9.2,2026-03-18T13:50:09Z,19.91
1,45.1,9.2,2026-03-18T13:50:19Z,23.57
1,45.1,9.2,2026-03-18T13:50:29Z,11.16
1,45.1,9.2,2026-03-18T13:50:39Z,12.89
1,45.1,9.2,2026-03-18T13:50:49Z,11.82
1,45.1,9.2,2026-03-18T13:50:59Z,11.36
1,45.1,9.2,2026-03-18T13:51:09Z,13.47
1,45.1,9.2,2026-03-18T13:51:19Z,14.4
1,45.1,9.2,2026-03-18T13:51:29Z,14.94
1,45.1,9.2,2026-03-18T13:51:39Z,27.52
1,45.1,9.2,2026-03-18T13:51:49Z,10.48
1,45.1,9.2,2026-03-18T13:51:59Z,25.56
1,45.1,9.2,2026-03-18T13:52:09Z,19.58
1,45.1,9.2,2026-03-18T13:52:19Z,28.31
1,45.1,9.2,2026-03-18T13:52:30Z,25.01
1,45.1,9.2,2026-03-18T13:52:40Z,16.32
1,45.1,9.2,2026-03-18T13:52:50Z,16.88
1,45.1,9.2,2026-03-18T13:53:00Z,20.89
1,45.1,9.2,2026-03-18T13:53:10Z,26.96
1,45.1,9.2,2026-03-18T13:53:20Z,16.0
1,45.1,9.2,2026-03-18T13:53:30Z,28.56
1,45.1,9.2,2026-03-18T13:53:40Z,21.51
1,45.1,9.2,2026-03-18T13:53:50Z,18.51
1,45.1,9.2,2026-03-18T13:54:00Z,14.72
1,45.1,9.2,2026-03-18T13:54:10Z,10.52
1,45.1,9.2,2026-03-18T13:54:20Z,19.33
1,45.1,9.2,2026-03-18T13:54:30Z,12.43
1,45.1,9.2,2026-03-18T13:54:40Z,15.94
1,45.1,9.2,2026-03-18T13:54:50Z,14.9
1,45.1,9.2,2026-03-18T13:55:00Z,16.84
1,45.1,9.2,2026-03-18T13:55:10Z,28.33
1,45.1,9.2,2026-03-18T13:55:20Z,15.8
1,45.1,9.2,2026-03-18T13:55:30Z,18.51
1,45.1,9.2,2026-03-18T13:55:40Z,26.24
1,45.1,9.2,2026-03-18T13:55:50Z,17.77
1,45.1,9.2,2026-03-18T13:56:00Z,19.63
1,45.1,9.2,2026-03-18T13:56:10Z,10.06
1,45.1,9.2,2026-03-18T13:56:20Z,25.24
1,45.1,9.2,2026-03-18T13:56:30Z,29.35
1,45.1,9.2,2026-03-18T13:56:40Z,18.96
1,45.1,9.2,2026-03-18T13:56:50Z,18.44
1,45.1,9.2,2026-03-18T13:57:00Z,15.99
1,45.1,9.2,2026-03-18T13:57:10Z,13.76
1,45.1,9.2,2026-03-18T13:57:20Z,13.2
1,45.1,9.2,2026-03-18T13:57:30Z,24.73
1,45.1,9.2,2026-03-18T13:57:40Z,29.42
1,45.1,9.2,2026-03-18T13:57:50Z,24.38
1,45.1,9.2,2026-03-18T13:58:00Z,12.32
1,45.1,9.2,2026-03-18T13:58:10Z,22.38
1,45.1,9.2,2026-03-18T13:58:20Z,17.16
1,45.1,9.2,2026-03-18T13:58:30Z,12.87
1,45.1,9.2,2026-03-18T13:58:40Z,17.94
1,45.1,9.2,2026-03-18T13:58:50Z,13.89
1,45.1,9.2,2026-03-18T13:59:00Z,25.67
1,45.1,9.2,2026-03-18T13:59:10Z,27.79
1,45.1,9.2,2026-03-18T13:59:20Z,24.1
1,45.1,9.2,2026-03-18T13:59:31Z,26.99
1,45.1,9.2,2026-03-18T13:59:41Z,19.38
1,45.1,9.2,2026-03-18T13:59:51Z,23.84
1,45.1,9.2,2026-03-18T14:00:01Z,11.06
1,45.1,9.2,2026-03-18T14:00:11Z,22.17
1,45.1,9.2,2026-03-18T14:00:21Z,12.26
1,45.1,9.2,2026-03-18T14:00:31Z,25.12
1,45.1,9.2,2026-03-18T14:00:41Z,28.0
1,45.1,9.2,2026-03-18T14:00:51Z,10.46
1,45.1,9.2,2026-03-18T14:01:01Z,16.19
1,45.1,9.2,2026-03-18T14:01:11Z,25.35
1,45.1,9.2,2026-03-18T14:01:21Z,20.48
1,45.1,9.2,2026-03-18T14:01:31Z,14.09
1,45.1,9.2,2026-03-18T14:01:41Z,21.11
1,45.1,9.2,2026-03-18T14:01:51Z,11.08
1,45.1,9.2,2026-03-18T14:02:01Z,14.12
1,45.1,9.2,2026-03-18T14:02:11Z,12.36
1,45.1,9.2,2026-03-18T14:02:21Z,25.67
1,45.1,9.2,2026-03-18T14:02:31Z,11.33
1,45.1,9.2,2026-03-18T14:02:41Z,23.96
1,45.1,9.2,2026-03-18T14:02:51Z,27.15
1,45.1,9.2,2026-03-18T14:03:01Z,29.67
1,45.1,9.2,2026-03-18T14:03:11Z,25.77
1,45.1,9.2,2026-03-18T14:03:21Z,14.78
1,45.1,9.2,2026-03-18T14:03:31Z,24.03
1,45.1,9.2,2026-03-18T14:03:41Z,26.02
1,45.1,9.2,2026-03-18T14:03:51Z,16.72
1,45.1,9.2,2026-03-18T14:04:01Z,22.47
1,45.1,9.2,2026-03-18T14:04:11Z,18.58
1,45.1,9.2,2026-03-18T14:04:21Z,11.93
1,45.1,9.2,2026-03-18T14:04:31Z,12.6
1,45.1,9.2,2026-03-18T14:04:41Z,25.13
1,45.1,9.2,2026-03-18T14:04:51Z,15.94
1,45.1,9.2,2026-03-18T14:05:01Z,20.9
1,45.1,9.2,2026-03-18T14:05:11Z,11.11
1,45.1,9.2,2026-03-18T14:05:21Z,26.29
1,45.1,9.2,2026-03-18T14:05:31Z,16.35
1,45.1,9.2,2026-03-18T14:05:41Z,20.57
1,45.1,9.2,2026-03-18T14:05:51Z,21.33
1,45.1,9.2,2026-03-18T14:06:01Z,18.71
1,45.1,9.2,2026-03-18T14:06:11Z,11.03
1,45.1,9.2,2026-03-18T14:06:21Z,10.06
1,45.1,9.2,2026-03-18T14:06:31Z,10.49
1,45.1,9.2,2026-03-18T14:06:42Z,21.3
1,45.1,9.2,2026-03-18T14:06:52Z,24.02
1,45.1,9.2,2026-03-18T14:07:02Z,20.98
1,45.1,9.2,2026-03-18T14:07:12Z,16.48
1,45.1,9.2,2026-03-18T14:07:22Z,21.31
1,45.1,9.2,2026-03-18T14:07:32Z,25.33
1,45.1,9.2,2026-03-18T14:07:42Z,25.09
1,45.1,9.2,2026-03-18T14:07:52Z,29.55
1,45.1,9.2,2026-03-18T14:08:02Z,17.58
1,45.1,9.2,2026-03-18T14:08:12Z,12.91
1,45.1,9.2,2026-03-18T14:08:22Z,26.96
1,45.1,9.2,2026-03-18T14:08:32Z,24.42
1,45.1,9.2,2026-03-18T14:15:01Z,23.43
1,45.1,9.2,2026-03-18T14:15:11Z,17.53
1,45.1,9.2,2026-03-18T14:15:21Z,18.72
1,45.1,9.2,2026-03-18T14:15:31Z,18.99
1,45.1,9.2,2026-03-18T14:15:41Z,11.94
1,45.1,9.2,2026-03-18T14:15:51Z,16.42
1,45.1,9.2,2026-03-18T14:16:01Z,14.66
1,45.1,9.2,2026-03-18T14:16:11Z,20.93
1,45.1,9.2,2026-03-18T14:16:21Z,12.63
1,45.1,9.2,2026-03-18T14:16:32Z,15.27
1,45.1,9.2,2026-03-18T14:16:42Z,18.22
1,45.1,9.2,2026-03-18T14:16:52Z,10.27
1,45.1,9.2,2026-03-18T14:17:02Z,14.08
1,45.1,9.2,2026-03-18T14:17:12Z,29.16
1,45.1,9.2,2026-03-18T14:17:23Z,24.77
1,45.1,9.2,2026-03-18T14:17:33Z,22.29
1,45.1,9.2,2026-03-18T14:17:43Z,29.85
1,45.1,9.2,2026-03-18T14:17:53Z,26.11
1,45.1,9.2,2026-03-18T14:18:03Z,10.93
1,45.1,9.2,2026-03-18T14:18:13Z,19.9
1,45.1,9.2,2026-03-18T14:18:23Z,24.18
1,45.1,9.2,2026-03-18T14:18:33Z,20.75
1,45.1,9.2,2026-03-18T14:18:43Z,18.51
1,45.1,9.2,2026-03-18T14:18:53Z,21.28
1,45.1,9.2,2026-03-18T14:19:03Z,22.83
1,45.1,9.2,2026-03-18T14:19:13Z,17.02
1,45.1,9.2,2026-03-18T14:19:23Z,25.95
1,45.1,9.2,2026-03-18T14:19:33Z,14.3
1,45.1,9.2,2026-03-18T14:19:43Z,17.57
1,45.1,9.2,2026-03-18T14:19:53Z,17.62
1,45.1,9.2,2026-03-18T14:20:03Z,18.42
1,45.1,9.2,2026-03-18T14:20:13Z,20.65
1,45.1,9.2,2026-03-18T14:20:23Z,11.44
1,45.1,9.2,2026-03-18T14:20:33Z,18.78
1,45.1,9.2,2026-03-18T14:20:43Z,16.94
1,45.1,9.2,2026-03-18T14:20:53Z,12.19
1,45.1,9.2,2026-03-18T14:21:03Z,26.97
1,45.1,9.2,2026-03-18T14:21:13Z,26.88
1,45.1,9.2,2026-03-18T14:21:24Z,17.95
1,45.1,9.2,2026-03-18T14:21:34Z,22.08
1,45.1,9.2,2026-03-18T14:21:44Z,25.53
1,45.1,9.2,2026-03-18T14:21:54Z,26.65
1,45.1,9.2,2026-03-18T14:22:04Z,20.6
1,45.1,9.2,2026-03-18T14:22:14Z,15.9
1,45.1,9.2,2026-03-18T14:22:24Z,26.01
1,45.1,9.2,2026-03-18T14:22:34Z,21.87
1,45.1,9.2,2026-03-18T14:22:45Z,24.8
1,45.1,9.2,2026-03-18T14:22:55Z,25.58
1,45.1,9.2,2026-03-18T14:23:05Z,12.63
1,45.1,9.2,2026-03-18T14:23:15Z,26.27
1,45.1,9.2,2026-03-18T14:23:25Z,10.3
1,45.1,9.2,2026-03-18T14:23:35Z,19.91
1,45.1,9.2,2026-03-18T14:23:45Z,28.93
1,45.1,9.2,2026-03-18T14:23:55Z,15.28
1,45.1,9.2,2026-03-18T14:24:05Z,23.21
1,45.1,9.2,2026-03-18T14:24:15Z,25.73
1,45.1,9.2,2026-03-18T14:24:25Z,12.4
1,45.1,9.2,2026-03-18T14:24:35Z,15.05
1,45.1,9.2,2026-03-18T14:24:45Z,14.29
1,45.1,9.2,2026-03-18T14:24:55Z,18.38
1,45.1,9.2,2026-03-18T14:25:05Z,13.05
1,45.1,9.2,2026-03-18T14:25:15Z,28.4
1,45.1,9.2,2026-03-18T14:25:25Z,23.45
1,45.1,9.2,2026-03-18T14:25:35Z,21.5
1,45.1,9.2,2026-03-18T14:25:45Z,11.48
1,45.1,9.2,2026-03-18T14:25:55Z,12.62
1,45.1,9.2,2026-03-18T14:26:05Z,13.3
1,45.1,9.2,2026-03-18T14:26:15Z,22.21
1,45.1,9.2,2026-03-18T14:26:25Z,26.86
1,45.1,9.2,2026-03-18T14:26:35Z,27.93
1,45.1,9.2,2026-03-18T14:26:45Z,10.37
1,45.1,9.2,2026-03-18T14:26:55Z,12.25
1,45.1,9.2,2026-03-18T14:27:05Z,14.07
1,45.1,9.2,2026-03-18T14:27:15Z,14.88
1,45.1,9.2,2026-03-18T14:27:26Z,22.1
1,45.1,9.2,2026-03-18T14:27:36Z,18.14
1,45.1,9.2,2026-03-18T14:27:46Z,24.07
1,45.1,9.2,2026-03-18T14:27:56Z,23.25
1,45.1,9.2,2026-03-18T14:28:06Z,12.62
1,45.1,9.2,2026-03-18T14:28:16Z,22.93
1,45.1,9.2,2026-03-18T14:28:26Z,25.24
1,45.1,9.2,2026-03-18T14:28:36Z,27.89
1,45.1,9.2,2026-03-18T14:28:46Z,26.25
1,45.1,9.2,2026-03-18T14:28:56Z,27.63
1,45.1,9.2,2026-03-18T14:29:06Z,18.37
1,45.1,9.2,2026-03-18T14:29:16Z,19.24
1,45.1,9.2,2026-03-18T14:29:26Z,10.25
1,45.1,9.2,2026-03-18T14:29:36Z,18.61
1,45.1,9.2,2026-03-18T14:29:46Z,23.28
1,45.1,9.2,2026-03-18T14:29:56Z,19.92
1,45.1,9.2,2026-03-18T14:30:06Z,27.06
1,45.1,9.2,2026-03-18T14:30:16Z,29.53
1,45.1,9.2,2026-03-18T14:30:26Z,27.2
1,45.1,9.2,2026-03-18T14:30:36Z,16.77
1,45.1,9.2,2026-03-18T14:30:46Z,19.9
1,45.1,9.2,2026-03-18T14:30:56Z,21.96
1,45.1,9.2,2026-03-18T14:31:06Z,26.68
1,45.1,9.2,2026-03-18T14:31:16Z,14.68
1,45.1,9.2,2026-03-18T14:31:26Z,27.63
1,45.1,9.2,2026-03-18T14:31:36Z,27.08
1,45.1,9.2,2026-03-18T14:31:46Z,25.09
1,45.1,9.2,2026-03-18T14:31:56Z,17.43
1,45.1,9.2,2026-03-18T14:32:06Z,22.29
1,45.1,9.2,2026-03-18T14:32:17Z,12.17
1,45.1,9.2,2026-03-18T14:32:27Z,29.68
1,45.1,9.2,2026-03-18T14:32:37Z,10.59
1,45.1,9.2,2026-03-18T14:32:47Z,16.85
1,45.1,9.2,2026-03-18T14:32:57Z,21.6
1,45.1,9.2,2026-03-18T14:33:07Z,12.47
1,45.1,9.2,2026-03-18T14:33:17Z,17.19
1,45.1,9.2,2026-03-18T14:33:27Z,13.5
1,45.1,9.2,2026-03-18T14:33:37Z,24.42
1,45.1,9.2,2026-03-18T14:33:47Z,14.8
1,45.1,9.2,2026-03-18T14:33:57Z,29.04
1,45.1,9.2,2026-03-18T14:34:07Z,18.79
1,45.1,9.2,2026-03-18T14:34:17Z,20.51
1,45.1,9.2,2026-03-18T14:34:27Z,28.34
1,45.1,9.2,2026-03-18T14:34:37Z,21.49
1,45.1,9.2,2026-03-18T14:34:47Z,23.0
1,45.1,9.2,2026-03-18T14:34:57Z,17.25
1,45.1,9.2,2026-03-18T14:35:07Z,13.53
1,45.1,9.2,2026-03-18T14:35:17Z,15.25
1,45.1,9.2,2026-03-18T14:35:27Z,18.39
1,45.1,9.2,2026-03-18T14:35:37Z,21.61
1,45.1,9.2,2026-03-18T14:35:47Z,21.73
1,45.1,9.2,2026-03-18T14:35:57Z,10.87
1,45.1,9.2,2026-03-18T14:36:08Z,23.2
1,45.1,9.2,2026-03-18T14:36:18Z,14.29
1,45.1,9.2,2026-03-18T14:36:28Z,14.02
1,45.1,9.2,2026-03-18T14:36:38Z,12.4
1,45.1,9.2,2026-03-18T14:36:48Z,22.64
1,45.1,9.2,2026-03-18T14:36:58Z,29.54
1,45.1,9.2,2026-03-18T14:37:08Z,25.93
1,45.1,9.2,2026-03-18T14:37:18Z,15.57
1,45.1,9.2,2026-03-18T14:37:28Z,10.16
1,45.1,9.2,2026-03-18T14:37:38Z,20.01
1,45.1,9.2,2026-03-18T14:37:48Z,11.66
1,45.1,9.2,2026-03-18T14:37:58Z,20.03
1,45.1,9.2,2026-03-18T14:38:08Z,14.44
1,45.1,9.2,2026-03-18T14:38:18Z,28.64
1,45.1,9.2,2026-03-18T14:38:28Z,29.79
1,45.1,9.2,2026-03-18T14:38:38Z,23.67
1,45.1,9.2,2026-03-18T14:38:48Z,20.73
1,45.1,9.2,2026-03-18T14:38:58Z,22.15
1,45.1,9.2,2026-03-18T14:39:08Z,16.07
1,45.1,9.2,2026-03-18T14:39:18Z,28.58
1,45.1,9.2,2026-03-18T14:39:28Z,24.61
1,45.1,9.2,2026-03-18T14:39:38Z,22.33
1,45.1,9.2,2026-03-18T14:39:48Z,19.03
1,45.1,9.2,2026-03-18T14:39:58Z,24.73
1,45.1,9.2,2026-03-18T14:40:09Z,29.15
1,45.1,9.2,2026-03-18T14:40:19Z,16.55
1,45.1,9.2,2026-03-18T14:40:29Z,25.36
1,45.1,9.2,2026-03-18T14:40:39Z,27.9
1,45.1,9.2,2026-03-18T14:40:49Z,16.26
1,45.1,9.2,2026-03-18T14:40:59Z,22.83
1,45.1,9.2,2026-03-18T14:41:09Z,16.25
1,45.1,9.2,2026-03-18T14:41:19Z,10.04
1,45.1,9.2,2026-03-18T14:41:29Z,21.17
1,45.1,9.2,2026-03-18T14:41:39Z,20.31
1,45.1,9.2,2026-03-18T14:41:49Z,29.05
1,45.1,9.2,2026-03-18T14:41:59Z,19.89
1,45.1,9.2,2026-03-18T14:42:09Z,25.0
1,45.1,9.2,2026-03-18T14:42:19Z,25.12
1,45.1,9.2,2026-03-18T14:42:29Z,26.23
1,45.1,9.2,2026-03-18T14:42:40Z,21.86
1,45.1,9.2,2026-03-18T14:42:50Z,24.04
1,45.1,9.2,2026-03-18T14:43:00Z,21.19
1,45.1,9.2,2026-03-18T14:43:10Z,10.62
1,45.1,9.2,2026-03-18T14:43:20Z,16.49
1,45.1,9.2,2026-03-18T14:43:30Z,27.62
1,45.1,9.2,2026-03-18T14:43:40Z,16.86
1,45.1,9.2,2026-03-18T14:43:50Z,21.13
1,45.1,9.2,2026-03-18T14:44:00Z,14.89
1,45.1,9.2,2026-03-18T14:44:10Z,16.61
1,45.1,9.2,2026-03-18T14:44:20Z,25.21
1,45.1,9.2,2026-03-18T14:44:30Z,29.53
1,45.1,9.2,2026-03-18T14:44:40Z,10.93
1,45.1,9.2,2026-03-18T14:44:50Z,12.03
1,45.1,9.2,2026-03-18T14:45:00Z,26.4
1,45.1,9.2,2026-03-18T14:45:10Z,20.34
1,45.1,9.2,2026-03-18T14:45:20Z,25.24
1,45.1,9.2,2026-03-18T14:45:30Z,22.67
1,45.1,9.2,2026-03-18T14:45:40Z,24.68
1,45.1,9.2,2026-03-18T14:45:50Z,19.69
1,45.1,9.2,2026-03-18T14:46:00Z,19.55
1,45.1,9.2,2026-03-18T14:46:11Z,14.55
1,45.1,9.2,2026-03-18T14:46:21Z,29.01
1,45.1,9.2,2026-03-18T14:46:31Z,17.33
1,45.1,9.2,2026-03-18T14:46:41Z,25.26
1,45.1,9.2,2026-03-18T14:46:51Z,14.74
1,45.1,9.2,2026-03-18T14:47:01Z,10.8
1,45.1,9.2,2026-03-18T14:47:11Z,14.61
1,45.1,9.2,2026-03-18T14:47:21Z,22.47
1,45.1,9.2,2026-03-18T14:47:31Z,27.71
1,45.1,9.2,2026-03-18T14:47:41Z,13.62
1,45.1,9.2,2026-03-18T14:47:51Z,28.09
1,45.1,9.2,2026-03-18T14:48:01Z,18.34
1,45.1,9.2,2026-03-18T14:48:11Z,13.53
1,45.1,9.2,2026-03-18T14:48:21Z,19.1
1,45.1,9.2,2026-03-18T14:48:31Z,24.15
1,45.1,9.2,2026-03-18T14:48:41Z,13.17
1,45.1,9.2,2026-03-18T14:48:51Z,19.97
1,45.1,9.2,2026-03-18T14:49:01Z,12.8
1,45.1,9.2,2026-03-18T14:49:11Z,18.0
1,45.1,9.2,2026-03-18T14:49:21Z,25.58
1,45.1,9.2,2026-03-18T14:49:31Z,20.1
1,45.1,9.2,2026-03-18T14:49:41Z,20.35
1,45.1,9.2,2026-03-18T14:49:51Z,21.99
1,45.1,9.2,2026-03-18T14:50:01Z,15.19
1,45.1,9.2,2026-03-18T14:50:11Z,15.61
1,45.1,9.2,2026-03-18T14:50:21Z,19.19
1,45.1,9.2,2026-03-18T14:50:32Z,20.95
1,45.1,9.2,2026-03-18T14:50:42Z,11.65
1,45.1,9.2,2026-03-18T14:50:52Z,14.4
1,45.1,9.2,2026-03-18T14:51:02Z,15.09
1,45.1,9.2,2026-03-18T14:51:12Z,25.01
1,45.1,9.2,2026-03-18T14:51:22Z,14.06
1,45.1,9.2,2026-03-18T14:51:32Z,14.17
1,45.1,9.2,2026-03-18T14:51:42Z,27.06
1,45.1,9.2,2026-03-18T14:51:52Z,16.09
1,45.1,9.2,2026-03-18T14:52:02Z,18.12
1,45.1,9.2,2026-03-18T14:52:12Z,15.14
1,45.1,9.2,2026-03-18T14:52:22Z,17.4
1,45.1,9.2,2026-03-18T14:52:32Z,16.55
1,45.1,9.2,2026-03-18T14:52:42Z,24.38
1,45.1,9.2,2026-03-18T14:52:52Z,25.42
1,45.1,9.2,2026-03-18T14:53:02Z,12.53
1,45.1,9.2,2026-03-18T14:53:12Z,14.57
1,45.1,9.2,2026-03-18T14:53:22Z,12.77
1,45.1,9.2,2026-03-18T14:53:32Z,28.05
1,45.1,9.2,2026-03-18T14:53:42Z,26.67
1,45.1,9.2,2026-03-18T14:53:52Z,24.05
1,45.1,9.2,2026-03-18T14:54:02Z,23.59
1,45.1,9.2,2026-03-18T14:54:12Z,22.32
1,45.1,9.2,2026-03-18T14:54:22Z,10.51
1,45.1,9.2,2026-03-18T14:54:32Z,19.83
1,45.1,9.2,2026-03-18T14:54:42Z,14.74
1,45.1,9.2,2026-03-18T14:54:53Z,22.83
1,45.1,9.2,2026-03-18T14:55:03Z,23.16
1,45.1,9.2,2026-03-18T14:55:13Z,26.07
1,45.1,9.2,2026-03-18T14:55:23Z,25.67
1,45.1,9.2,2026-03-18T14:56:38Z,18.26
1,45.1,9.2,2026-03-18T14:56:48Z,11.39
1,45.1,9.2,2026-03-18T14:56:58Z,27.77
1,45.1,9.2,2026-03-18T14:57:08Z,13.97
1,45.1,9.2,2026-03-18T14:57:18Z,13.65
1,45.1,9.2,2026-03-18T14:57:28Z,26.09
1,45.1,9.2,2026-03-18T14:57:38Z,14.43
1,45.1,9.2,2026-03-18T14:57:48Z,20.3
1,45.1,9.2,2026-03-18T14:57:58Z,24.78
1,45.1,9.2,2026-03-18T14:58:08Z,23.48
1,45.1,9.2,2026-03-18T14:58:18Z,13.89
1,45.1,9.2,2026-03-18T14:58:28Z,24.82
1,45.1,9.2,2026-03-18T14:58:38Z,11.29
1,45.1,9.2,2026-03-18T14:58:48Z,11.27
1,45.1,9.2,2026-03-18T14:58:58Z,18.46
1,45.1,9.2,2026-03-18T14:59:08Z,26.08
1,45.1,9.2,2026-03-18T14:59:18Z,26.8
1,45.1,9.2,2026-03-18T14:59:28Z,15.71
1,45.1,9.2,2026-03-18T14:59:38Z,29.15
1,45.1,9.2,2026-03-18T14:59:48Z,22.55
1,45.1,9.2,2026-03-18T14:59:58Z,14.7
1,45.1,9.2,2026-03-18T15:00:08Z,21.87
1,45.1,9.2,2026-03-18T15:00:18Z,25.04
1,45.1,9.2,2026-03-18T15:00:28Z,13.04
1,45.1,9.2,2026-03-18T15:00:38Z,27.18
1,45.1,9.2,2026-03-18T15:00:48Z,18.7
1,45.1,9.2,2026-03-18T15:00:58Z,20.88
1,45.1,9.2,2026-03-18T15:01:08Z,26.22
1,45.1,9.2,2026-03-18T15:01:19Z,26.57
1,45.1,9.2,2026-03-18T15:01:29Z,29.86
1,45.1,9.2,2026-03-18T15:01:39Z,18.59
1,45.1,9.2,2026-03-18T15:01:49Z,18.62
1,45.1,9.2,2026-03-18T15:01:59Z,18.23
1,45.1,9.2,2026-03-18T15:02:09Z,28.22
1,45.1,9.2,2026-03-18T15:02:19Z,18.47
1,45.1,9.2,2026-03-18T15:06:32Z,22.48
1,45.1,9.2,2026-03-18T15:06:42Z,13.2
1,45.1,9.2,2026-03-18T15:06:52Z,18.41
1,45.1,9.2,2026-03-18T15:07:02Z,19.74
1,45.1,9.2,2026-03-18T15:07:12Z,26.77
1,45.1,9.2,2026-03-18T15:07:22Z,23.88
1,45.1,9.2,2026-03-18T15:07:32Z,28.48
1,45.1,9.2,2026-03-18T15:07:42Z,28.24
1,45.1,9.2,2026-03-18T15:07:52Z,19.59
1,45.1,9.2,2026-03-18T15:08:02Z,16.26
1,45.1,9.2,2026-03-18T15:08:12Z,17.68
1,45.1,9.2,2026-03-18T15:08:22Z,28.96
1,45.1,9.2,2026-03-18T15:08:33Z,19.85
1,45.1,9.2,2026-03-18T15:08:43Z,21.76
1,45.1,9.2,2026-03-18T15:08:53Z,12.74
1,45.1,9.2,2026-03-18T15:09:03Z,23.86
1,45.1,9.2,2026-03-18T15:09:13Z,28.14
1,45.1,9.2,2026-03-18T15:09:23Z,11.59
1,45.1,9.2,2026-03-18T15:09:33Z,17.25
1,45.1,9.2,2026-03-18T15:09:43Z,26.08
1,45.1,9.2,2026-03-18T15:09:53Z,15.65
1,45.1,9.2,2026-03-18T15:10:03Z,10.78
1,45.1,9.2,2026-03-18T15:10:13Z,13.53
1,45.1,9.2,2026-03-18T15:10:23Z,21.0
1,45.1,9.2,2026-03-18T15:10:33Z,24.08
1,45.1,9.2,2026-03-18T15:10:43Z,25.79
1,45.1,9.2,2026-03-18T15:10:53Z,24.5
1,45.1,9.2,2026-03-18T15:11:03Z,21.88
1,45.1,9.2,2026-03-18T15:11:13Z,22.37
1,45.1,9.2,2026-03-18T15:11:23Z,14.55
1,45.1,9.2,2026-03-18T15:11:33Z,26.57
1,45.1,9.2,2026-03-18T15:11:43Z,22.49
1,45.1,9.2,2026-03-18T15:11:53Z,14.36
1,45.1,9.2,2026-03-18T15:12:03Z,29.63
1,45.1,9.2,2026-03-18T15:12:13Z,28.07
1,45.1,9.2,2026-03-18T15:12:23Z,10.28
1,45.1,9.2,2026-03-18T15:12:33Z,26.9
1,45.1,9.2,2026-03-18T15:12:43Z,28.5
1,45.1,9.2,2026-03-18T15:12:53Z,27.81
1,45.1,9.2,2026-03-18T15:13:03Z,10.91
1,45.1,9.2,2026-03-18T15:13:14Z,22.97
1,45.1,9.2,2026-03-18T15:13:24Z,29.11
1,45.1,9.2,2026-03-18T15:13:34Z,28.05
1,45.1,9.2,2026-03-18T15:13:44Z,10.14
1,45.1,9.2,2026-03-18T15:13:54Z,12.35
1,45.1,9.2,2026-03-18T15:14:04Z,24.3
1,45.1,9.2,2026-03-18T15:14:14Z,16.85
1,45.1,9.2,2026-03-18T15:14:24Z,27.04
1,45.1,9.2,2026-03-18T15:14:34Z,18.16
1,45.1,9.2,2026-03-18T15:14:44Z,29.99
1,45.1,9.2,2026-03-18T15:14:54Z,13.41
1,45.1,9.2,2026-03-18T15:15:04Z,17.4
1,45.1,9.2,2026-03-18T15:15:14Z,28.71
1,45.1,9.2,2026-03-18T15:15:24Z,28.51
1,45.1,9.2,2026-03-18T15:15:34Z,13.25
1,45.1,9.2,2026-03-18T15:15:44Z,26.05
1,45.1,9.2,2026-03-18T15:15:54Z,21.66
1,45.1,9.2,2026-03-18T15:16:04Z,17.01
1,45.1,9.2,2026-03-18T15:16:14Z,20.19
1,45.1,9.2,2026-03-18T15:16:24Z,20.57
1,45.1,9.2,2026-03-18T15:16:34Z,12.92
1,45.1,9.2,2026-03-18T15:16:44Z,16.39
1,45.1,9.2,2026-03-18T15:16:54Z,25.62
1,45.1,9.2,2026-03-18T15:17:04Z,21.97
1,45.1,9.2,2026-03-18T15:17:14Z,29.3
1,45.1,9.2,2026-03-18T15:17:24Z,15.69
1,45.1,9.2,2026-03-18T15:17:34Z,22.85
1,45.1,9.2,2026-03-18T15:17:44Z,26.14
1,45.1,9.2,2026-03-18T15:17:55Z,23.77
1,45.1,9.2,2026-03-18T15:18:05Z,27.31
1,45.1,9.2,2026-03-18T15:18:15Z,12.94
1,45.1,9.2,2026-03-18T15:18:25Z,25.94
1,45.1,9.2,2026-03-18T15:18:35Z,18.08
1,45.1,9.2,2026-03-18T15:18:45Z,13.56
1,45.1,9.2,2026-03-18T15:18:55Z,16.33
1,45.1,9.2,2026-03-18T15:19:05Z,24.42
1,45.1,9.2,2026-03-18T15:19:15Z,24.16
1,45.1,9.2,2026-03-18T15:19:25Z,25.82
1,45.1,9.2,2026-03-18T15:19:35Z,13.32
1,45.1,9.2,2026-03-18T15:19:45Z,21.01
1,45.1,9.2,2026-03-18T15:19:55Z,18.18
1,45.1,9.2,2026-03-18T15:20:05Z,11.52
1,45.1,9.2,2026-03-18T15:20:15Z,15.52
1,45.1,9.2,2026-03-18T15:20:25Z,23.85
1,45.1,9.2,2026-03-18T15:20:35Z,16.0
1,45.1,9.2,2026-03-18T15:20:45Z,24.64
1,45.1,9.2,2026-03-18T15:20:55Z,21.22
1,45.1,9.2,2026-03-18T15:21:05Z,16.63
1,45.1,9.2,2026-03-18T15:21:15Z,24.91
1,45.1,9.2,2026-03-18T15:21:25Z,16.74
1,45.1,9.2,2026-03-18T15:21:35Z,29.71
1,45.1,9.2,2026-03-18T15:21:45Z,16.31
1,45.1,9.2,2026-03-18T15:21:55Z,11.84
1,45.1,9.2,2026-03-18T15:22:06Z,17.22
1,45.1,9.2,2026-03-18T15:22:16Z,11.06
1,45.1,9.2,2026-03-18T15:22:26Z,16.43
1,45.1,9.2,2026-03-18T15:22:36Z,24.54
1,45.1,9.2,2026-03-18T15:22:46Z,24.22
1,45.1,9.2,2026-03-18T15:22:56Z,12.7
1,45.1,9.2,2026-03-18T15:23:06Z,15.65
1,45.1,9.2,2026-03-18T15:23:16Z,19.08
1,45.1,9.2,2026-03-18T15:23:26Z,10.94
1,45.1,9.2,2026-03-18T15:23:36Z,21.95
1,45.1,9.2,2026-03-18T15:23:46Z,12.94
1,45.1,9.2,2026-03-18T15:23:56Z,28.33
1,45.1,9.2,2026-03-18T15:24:06Z,10.03
1,45.1,9.2,2026-03-18T15:24:16Z,12.99
1,45.1,9.2,2026-03-18T15:24:26Z,18.84
1,45.1,9.2,2026-03-18T15:24:36Z,26.47
1,45.1,9.2,2026-03-18T15:24:46Z,25.86
1,45.1,9.2,2026-03-18T15:24:56Z,18.12
1,45.1,9.2,2026-03-18T15:25:06Z,16.91
1,45.1,9.2,2026-03-18T15:25:16Z,29.85
1,45.1,9.2,2026-03-18T15:25:26Z,24.57
1,45.1,9.2,2026-03-18T15:25:36Z,10.07
1,45.1,9.2,2026-03-18T15:25:46Z,27.17
1,45.1,9.2,2026-03-18T15:25:56Z,10.98
1,45.1,9.2,2026-03-18T15:26:06Z,13.16
1,45.1,9.2,2026-03-18T15:26:16Z,23.58
1,45.1,9.2,2026-03-18T15:26:26Z,25.57
1,45.1,9.2,2026-03-18T15:26:37Z,24.29
1,45.1,9.2,2026-03-18T15:26:47Z,26.28
1,45.1,9.2,2026-03-18T15:26:57Z,17.08
1,45.1,9.2,2026-03-18T15:27:07Z,11.39
1,45.1,9.2,2026-03-18T15:27:17Z,26.97
1,45.1,9.2,2026-03-18T15:27:27Z,24.96
1,45.1,9.2,2026-03-18T15:27:37Z,17.82
1,45.1,9.2,2026-03-18T15:27:47Z,24.37
1,45.1,9.2,2026-03-18T15:27:57Z,17.94
1,45.1,9.2,2026-03-18T15:28:07Z,20.21
1,45.1,9.2,2026-03-18T15:28:17Z,10.98
1,45.1,9.2,2026-03-18T15:28:27Z,25.88
1,45.1,9.2,2026-03-18T15:28:37Z,26.92
1,45.1,9.2,2026-03-18T15:28:47Z,11.0
1,45.1,9.2,2026-03-18T15:28:57Z,21.95
1,45.1,9.2,2026-03-18T15:29:07Z,27.13
1,45.1,9.2,2026-03-18T15:29:17Z,27.33
1,45.1,9.2,2026-03-18T15:29:27Z,29.18
1,45.1,9.2,2026-03-18T15:29:37Z,15.68
1,45.1,9.2,2026-03-18T15:29:47Z,18.18
1,45.1,9.2,2026-03-18T15:29:57Z,23.32
1,45.1,9.2,2026-03-18T15:30:07Z,16.85
1,45.1,9.2,2026-03-18T15:30:17Z,23.82
1,45.1,9.2,2026-03-18T15:30:27Z,24.86
1,45.1,9.2,2026-03-18T15:30:37Z,17.64
1,45.1,9.2,2026-03-18T15:30:48Z,29.98
1,45.1,9.2,2026-03-18T15:30:58Z,21.42
1,45.1,9.2,2026-03-18T15:31:08Z,19.55
1,45.1,9.2,2026-03-18T15:31:18Z,25.18
1,45.1,9.2,2026-03-18T15:31:28Z,28.89
1,45.1,9.2,2026-03-18T15:31:38Z,23.56
1,45.1,9.2,2026-03-18T15:31:48Z,23.31
1,45.1,9.2,2026-03-18T15:31:58Z,10.56
1,45.1,9.2,2026-03-18T15:32:08Z,29.08
1,45.1,9.2,2026-03-18T15:32:18Z,24.44
1,45.1,9.2,2026-03-18T15:32:28Z,19.7
1,45.1,9.2,2026-03-18T15:32:38Z,11.96
1,45.1,9.2,2026-03-18T15:32:48Z,27.64
1,45.1,9.2,2026-03-18T15:32:58Z,23.07
1,45.1,9.2,2026-03-18T15:33:08Z,11.53
1,45.1,9.2,2026-03-18T15:33:18Z,16.86
1,45.1,9.2,2026-03-18T15:33:28Z,19.19
1,45.1,9.2,2026-03-18T15:33:38Z,23.78
1,45.1,9.2,2026-03-18T15:33:48Z,22.25
1,45.1,9.2,2026-03-18T15:33:58Z,14.15
1,45.1,9.2,2026-03-18T15:34:08Z,24.28
1,45.1,9.2,2026-03-18T15:34:18Z,24.92
1,45.1,9.2,2026-03-18T15:34:28Z,15.56
1,45.1,9.2,2026-03-18T15:34:38Z,24.8
1,45.1,9.2,2026-03-18T15:34:48Z,10.45
1,45.1,9.2,2026-03-18T15:34:58Z,12.67
1,45.1,9.2,2026-03-18T15:35:09Z,10.42
1,45.1,9.2,2026-03-18T15:35:19Z,21.38
1,45.1,9.2,2026-03-18T15:35:29Z,14.41
1,45.1,9.2,2026-03-18T15:35:39Z,15.02
1,45.1,9.2,2026-03-18T15:35:49Z,27.72
1,45.1,9.2,2026-03-18T15:35:59Z,20.15
1,45.1,9.2,2026-03-18T15:36:09Z,23.18
1,45.1,9.2,2026-03-18T15:36:19Z,26.72
1,45.1,9.2,2026-03-18T15:36:29Z,28.71
1,45.1,9.2,2026-03-18T15:36:39Z,21.68
1,45.1,9.2,2026-03-18T15:36:49Z,15.77
1,45.1,9.2,2026-03-18T15:36:59Z,12.05
1,45.1,9.2,2026-03-18T15:37:09Z,19.81
1,45.1,9.2,2026-03-18T15:37:19Z,23.33
1,45.1,9.2,2026-03-18T15:37:29Z,14.63
1,45.1,9.2,2026-03-18T15:37:39Z,15.25
1,45.1,9.2,2026-03-18T15:37:49Z,29.21
1,45.1,9.2,2026-03-18T15:37:59Z,18.26
1,45.1,9.2,2026-03-18T15:38:09Z,18.37
1,45.1,9.2,2026-03-18T15:38:19Z,20.61
1,45.1,9.2,2026-03-18T15:38:29Z,23.29
1,45.1,9.2,2026-03-18T15:38:39Z,28.56
1,45.1,9.2,2026-03-18T15:38:49Z,24.26
1,45.1,9.2,2026-03-18T15:38:59Z,10.52
1,45.1,9.2,2026-03-18T15:39:09Z,21.19
1,45.1,9.2,2026-03-18T15:39:19Z,13.23
1,45.1,9.2,2026-03-18T15:39:29Z,25.74
1,45.1,9.2,2026-03-18T15:39:40Z,17.87
1,45.1,9.2,2026-03-18T15:39:50Z,19.06
1,45.1,9.2,2026-03-18T15:40:00Z,24.09
1,45.1,9.2,2026-03-18T15:40:10Z,22.46
1,45.1,9.2,2026-03-18T15:40:20Z,21.7
1,45.1,9.2,2026-03-18T15:40:30Z,26.1
1,45.1,9.2,2026-03-18T15:40:41Z,28.03
1,45.1,9.2,2026-03-18T15:40:51Z,17.48
1,45.1,9.2,2026-03-18T15:41:01Z,28.21
1,45.1,9.2,2026-03-18T15:41:11Z,10.05
1,45.1,9.2,2026-03-18T15:41:21Z,18.63
1,45.1,9.2,2026-03-18T15:41:31Z,14.96
1,45.1,9.2,2026-03-18T15:41:41Z,21.53
1,45.1,9.2,2026-03-18T15:41:51Z,18.43
1,45.1,9.2,2026-03-18T15:42:01Z,19.4
1,45.1,9.2,2026-03-18T15:42:11Z,25.65
1,45.1,9.2,2026-03-18T15:42:21Z,15.32
1,45.1,9.2,2026-03-18T15:42:31Z,16.64
1,45.1,9.2,2026-03-18T15:42:41Z,24.83
1,45.1,9.2,2026-03-18T15:42:51Z,29.04
1,45.1,9.2,2026-03-18T15:43:01Z,23.7
1,45.1,9.2,2026-03-18T15:43:11Z,29.72
1,45.1,9.2,2026-03-18T15:43:21Z,15.57
1,45.1,9.2,2026-03-18T15:43:31Z,19.83
1,45.1,9.2,2026-03-18T15:43:41Z,19.87
1,45.1,9.2,2026-03-18T15:43:51Z,18.34
1,45.1,9.2,2026-03-18T15:44:01Z,21.31
1,45.1,9.2,2026-03-18T15:44:11Z,15.82
1,45.1,9.2,2026-03-18T15:44:22Z,14.57
1,45.1,9.2,2026-03-18T15:44:32Z,12.27
1,45.1,9.2,2026-03-18T15:44:42Z,15.42
1,45.1,9.2,2026-03-18T15:44:52Z,26.68
1,45.1,9.2,2026-03-18T15:45:02Z,26.59
1,45.1,9.2,2026-03-18T15:45:12Z,28.34
1,45.1,9.2,2026-03-18T15:45:22Z,16.3
1,45.1,9.2,2026-03-18T15:45:32Z,10.8
1,45.1,9.2,2026-03-18T15:45:42Z,16.27
1,45.1,9.2,2026-03-18T15:45:52Z,29.24
1,45.1,9.2,2026-03-18T15:46:02Z,26.75
1,45.1,9.2,2026-03-18T15:46:12Z,25.96
1,45.1,9.2,2026-03-18T15:46:22Z,11.27
1,45.1,9.2,2026-03-18T15:46:32Z,27.78
1,45.1,9.2,2026-03-18T15:46:42Z,16.8
1,45.1,9.2,2026-03-18T15:46:52Z,20.87
1,45.1,9.2,2026-03-18T15:47:03Z,24.71
1,45.1,9.2,2026-03-18T15:47:13Z,12.6
1,45.1,9.2,2026-03-18T15:47:23Z,20.28
1,45.1,9.2,2026-03-18T15:47:33Z,27.82
1,45.1,9.2,2026-03-18T15:47:43Z,10.63
1,45.1,9.2,2026-03-18T15:47:53Z,26.26
1,45.1,9.2,2026-03-18T15:48:03Z,14.57
1,45.1,9.2,2026-03-18T15:48:13Z,19.66
1,45.1,9.2,2026-03-18T15:48:23Z,10.52
1,45.1,9.2,2026-03-18T15:48:33Z,21.72
1,45.1,9.2,2026-03-18T15:48:43Z,10.6
1,45.1,9.2,2026-03-18T15:48:53Z,24.08
1,45.1,9.2,2026-03-18T15:49:03Z,19.1
1,45.1,9.2,2026-03-18T15:49:13Z,26.96
1,45.1,9.2,2026-03-18T15:49:23Z,28.65
1,45.1,9.2,2026-03-18T15:49:34Z,21.09
1,45.1,9.2,2026-03-18T15:49:44Z,29.93
1,45.1,9.2,2026-03-18T15:49:54Z,19.59
1,45.1,9.2,2026-03-18T15:50:04Z,16.43
1,45.1,9.2,2026-03-18T15:50:14Z,11.05
1,45.1,9.2,2026-03-18T15:50:24Z,18.72
1,45.1,9.2,2026-03-18T15:50:34Z,25.2
1,45.1,9.2,2026-03-18T15:50:44Z,16.05
1,45.1,9.2,2026-03-18T15:50:54Z,25.89
1,45.1,9.2,2026-03-18T15:51:04Z,25.67
1,45.1,9.2,2026-03-18T15:51:14Z,11.21
1,45.1,9.2,2026-03-18T15:51:24Z,26.31
1,45.1,9.2,2026-03-18T15:51:34Z,22.37
1,45.1,9.2,2026-03-18T15:51:44Z,28.66
1,45.1,9.2,2026-03-18T15:51:54Z,28.31
1,45.1,9.2,2026-03-18T15:52:04Z,18.46
1,45.1,9.2,2026-03-18T15:52:14Z,22.34
1,45.1,9.2,2026-03-18T15:52:24Z,18.66
1,45.1,9.2,2026-03-18T15:52:34Z,27.2
1,45.1,9.2,2026-03-18T15:52:44Z,24.7
1,45.1,9.2,2026-03-18T15:52:54Z,28.93
1,45.1,9.2,2026-03-18T15:53:04Z,16.12
1,45.1,9.2,2026-03-18T15:53:14Z,10.73
1,45.1,9.2,2026-03-18T15:53:24Z,11.88
1,45.1,9.2,2026-03-18T15:53:34Z,25.44
1,45.1,9.2,2026-03-18T15:53:45Z,22.06
1,45.1,9.2,2026-03-18T15:53:55Z,24.1
1,45.1,9.2,2026-03-18T15:54:05Z,27.08
1,45.1,9.2,2026-03-18T15:54:15Z,23.18
1,45.1,9.2,2026-03-18T15:54:25Z,25.62
1,45.1,9.2,2026-03-18T15:54:35Z,29.84
1,45.1,9.2,2026-03-18T15:54:45Z,19.52
1,45.1,9.2,2026-03-18T15:54:55Z,13.3
1,45.1,9.2,2026-03-18T15:55:05Z,27.14
1,45.1,9.2,2026-03-18T15:55:15Z,29.52
1,45.1,9.2,2026-03-18T15:55:25Z,19.68
1,45.1,9.2,2026-03-18T15:55:35Z,19.79
1,45.1,9.2,2026-03-18T15:55:45Z,29.87
1,45.1,9.2,2026-03-18T15:55:55Z,15.22
1,45.1,9.2,2026-03-18T15:56:05Z,21.61
1,45.1,9.2,2026-03-18T15:56:15Z,11.99
1,45.1,9.2,2026-03-18T15:56:25Z,26.02
1,45.1,9.2,2026-03-18T15:56:35Z,13.81
1,45.1,9.2,2026-03-18T15:56:45Z,24.47
1,45.1,9.2,2026-03-18T15:56:55Z,17.45
1,45.1,9.2,2026-03-18T15:57:05Z,19.92
1,45.1,9.2,2026-03-18T15:57:16Z,28.35
1,45.1,9.2,2026-03-18T15:57:26Z,11.75
1,45.1,9.2,2026-03-18T15:57:36Z,11.68
1,45.1,9.2,2026-03-18T15:57:46Z,15.82
1,45.1,9.2,2026-03-18T15:57:56Z,23.63
1,45.1,9.2,2026-03-18T15:58:06Z,28.17
1,45.1,9.2,2026-03-18T15:58:16Z,13.89
1,45.1,9.2,2026-03-18T15:58:26Z,27.99
1,45.1,9.2,2026-03-18T15:58:36Z,28.54
1,45.1,9.2,2026-03-18T15:58:46Z,21.46
1,45.1,9.2,2026-03-18T15:58:56Z,15.27
1,45.1,9.2,2026-03-18T15:59:06Z,29.23
1,45.1,9.2,2026-03-18T15:59:16Z,17.19
1,45.1,9.2,2026-03-18T15:59:26Z,18.76
1,45.1,9.2,2026-03-18T15:59:36Z,18.95
1,45.1,9.2,2026-03-18T15:59:46Z,26.45
1,45.1,9.2,2026-03-18T15:59:56Z,14.07
1,45.1,9.2,2026-03-18T16:00:06Z,12.6
1,45.1,9.2,2026-03-18T16:00:17Z,16.39
1,45.1,9.2,2026-03-18T16:00:27Z,10.15
1,45.1,9.2,2026-03-18T16:00:37Z,10.6
1,45.1,9.2,2026-03-18T16:00:47Z,24.9
1,45.1,9.2,2026-03-18T16:00:57Z,28.91
1,45.1,9.2,2026-03-18T16:01:07Z,21.67
1,45.1,9.2,2026-03-18T16:01:17Z,11.12
1,45.1,9.2,2026-03-18T16:01:27Z,29.02
1,45.1,9.2,2026-03-18T16:01:37Z,16.84
1,45.1,9.2,2026-03-18T16:01:47Z,15.71
1,45.1,9.2,2026-03-18T16:01:57Z,23.53
1,45.1,9.2,2026-03-18T16:02:07Z,12.59
1,45.1,9.2,2026-03-18T16:02:17Z,23.76
1,45.1,9.2,2026-03-18T16:02:27Z,11.78
1,45.1,9.2,2026-03-18T16:02:37Z,28.09
1,45.1,9.2,2026-03-18T16:02:47Z,23.03
1,45.1,9.2,2026-03-18T16:02:57Z,23.25
1,45.1,9.2,2026-03-18T16:03:07Z,10.02
1,45.1,9.2,2026-03-18T16:03:17Z,21.63
1,45.1,9.2,2026-03-18T16:03:27Z,23.6
1,45.1,9.2,2026-03-18T16:03:37Z,23.25
1,45.1,9.2,2026-03-18T16:03:47Z,10.76
1,45.1,9.2,2026-03-18T16:03:57Z,16.42
1,45.1,9.2,2026-03-18T16:04:07Z,17.23
1,45.1,9.2,2026-03-18T16:04:17Z,25.97
1,45.1,9.2,2026-03-18T16:04:27Z,22.03
1,45.1,9.2,2026-03-18T16:04:37Z,10.6
1,45.1,9.2,2026-03-18T16:04:47Z,15.19
1,45.1,9.2,2026-03-18T16:04:57Z,19.1
1,45.1,9.2,2026-03-18T16:05:07Z,19.5
1,45.1,9.2,2026-03-18T16:05:17Z,12.55
1,45.1,9.2,2026-03-18T16:05:27Z,25.68
1,45.1,9.2,2026-03-18T16:05:37Z,24.69
1,45.1,9.2,2026-03-18T16:05:47Z,10.67
1,45.1,9.2,2026-03-18T16:05:57Z,29.91
1,45.1,9.2,2026-03-18T16:06:07Z,17.21
1,45.1,9.2,2026-03-18T16:06:17Z,21.18
1,45.1,9.2,2026-03-18T16:06:27Z,26.41
1,45.1,9.2,2026-03-18T16:06:38Z,25.86
1,45.1,9.2,2026-03-18T16:06:48Z,23.72
1,45.1,9.2,2026-03-18T16:06:58Z,21.57
1,45.1,9.2,2026-03-18T16:07:08Z,12.65
1,45.1,9.2,2026-03-18T16:07:18Z,10.52
1,45.1,9.2,2026-03-18T16:07:28Z,24.85
1,45.1,9.2,2026-03-18T16:07:38Z,19.62
1,45.1,9.2,2026-03-18T16:07:48Z,27.3
1,45.1,9.2,2026-03-18T16:07:58Z,28.71
1,45.1,9.2,2026-03-18T16:08:08Z,13.77
1,45.1,9.2,2026-03-18T16:08:18Z,11.97
1,45.1,9.2,2026-03-18T16:08:28Z,16.41
1,45.1,9.2,2026-03-18T16:08:38Z,24.4
1,45.1,9.2,2026-03-18T16:08:48Z,14.5
1,45.1,9.2,2026-03-18T16:08:58Z,27.69
1,45.1,9.2,2026-03-18T16:09:08Z,17.9
1,45.1,9.2,2026-03-18T16:09:18Z,20.9
1,45.1,9.2,2026-03-18T16:09:28Z,26.2
1,45.1,9.2,2026-03-18T16:09:38Z,17.4
1,45.1,9.2,2026-03-18T16:09:48Z,15.05
1,45.1,9.2,2026-03-18T16:09:58Z,12.31
1,45.1,9.2,2026-03-18T16:10:08Z,10.65
1,45.1,9.2,2026-03-18T16:10:18Z,18.58
1,45.1,9.2,2026-03-18T16:10:28Z,13.5
1,45.1,9.2,2026-03-18T16:10:38Z,17.41
1,45.1,9.2,2026-03-18T16:10:48Z,14.62
1,45.1,9.2,2026-03-18T16:10:58Z,20.93
1,45.1,9.2,2026-03-18T16:11:08Z,29.08
1,45.1,9.2,2026-03-18T16:11:18Z,25.65
1,45.1,9.2,2026-03-18T16:11:28Z,25.1
1,45.1,9.2,2026-03-18T16:11:38Z,18.58
1,45.1,9.2,2026-03-18T16:11:48Z,28.83
1,45.1,9.2,2026-03-18T16:11:58Z,14.26
1,45.1,9.2,2026-03-18T16:12:08Z,16.13
1,45.1,9.2,2026-03-18T16:12:18Z,15.27
1,45.1,9.2,2026-03-18T16:12:28Z,19.43
1,45.1,9.2,2026-03-18T16:12:38Z,29.35
1,45.1,9.2,2026-03-18T16:12:48Z,15.8
1,45.1,9.2,2026-03-18T16:12:58Z,29.54
1,45.1,9.2,2026-03-18T16:13:08Z,13.87
1,45.1,9.2,2026-03-18T16:13:18Z,11.63
1,45.1,9.2,2026-03-18T16:13:28Z,22.47
1,45.1,9.2,2026-03-18T16:13:39Z,17.19
1,45.1,9.2,2026-03-18T16:13:49Z,29.85
1,45.1,9.2,2026-03-18T16:13:59Z,17.63
1,45.1,9.2,2026-03-18T16:14:09Z,13.17
1,45.1,9.2,2026-03-18T16:14:19Z,26.54
1,45.1,9.2,2026-03-18T16:14:29Z,11.5
1,45.1,9.2,2026-03-18T16:14:39Z,27.45
1,45.1,9.2,2026-03-18T16:14:49Z,26.91
1,45.1,9.2,2026-03-18T16:14:59Z,19.02
1,45.1,9.2,2026-03-18T16:15:09Z,29.39
